Name,Baraka-2008
Created,26/03/2026 08:52:44
Cpt,Composition,Boiling Temperature,Molecular Weight,Standard Liquid Density,Acidity,Aniline Point,Assay - Aromatics Vol Pct,Assay - Aromatics Wt Pct,Asphaltene Content,Basic Nitrogen Content,C to H Ratio,Cloud Point,Conradson Carbon Content,Copper Content,Cetane Number,Flash Point,Freeze Point,MON (Clear),MON (Leaded),Assay - Naphthenes Vol Pct,Assay - Naphthenes Wt Pct,Nickel Content,Nitrogen Content,Assay - Olefins Vol Pct,Assay - Olefins Wt Pct,Assay - Paraffins Vol Pct,Assay - Paraffins Wt Pct,Pour Point,Refractive Index,Reid Vapour Pressure,RON (Clear),RON (Leaded),Smoke Point,Sulfur Content,Mercaptan Sulfur Content,Sodium Content,True Vapour Pressure,Vanadium Content,Iron Content,Luminometer Number,Viscosity @ 38C,Viscosity @ 50C,Viscosity @ 60C,Wax Content,Pi C6 22DMB Wt Pct,Pi C6 22DMB Vol Pct,Pi C6 23DMB Wt Pct,Pi C6 23DMB Vol Pct,Pi C6 2MP Wt Pct,Pi C6 2MP Vol Pct,Pi C6 3MP Wt Pct,Pi C6 3MP Vol Pct,Pi C7 22-mPentane Wt Pct,Pi C7 22-mPentane Vol Pct,Pi C7 24-mPentane Wt Pct,Pi C7 24-mPentane Vol Pct,Pi C7 223-mButane Wt Pct,Pi C7 223-mButane Vol Pct,Pi C7 33-mPentane Wt Pct,Pi C7 33-mPentane Vol Pct,Pi C7 23-mPentane Wt Pct,Pi C7 23-mPentane Vol Pct,Pi C7 2-mHexane Wt Pct,Pi C7 2-mHexane Vol Pct,Pi C7 3-mHexane Wt Pct,Pi C7 3-mHexane Vol Pct,Pi C7 3-ePentane Wt Pct,Pi C7 3-ePentane Vol Pct,Pi C6 Wt Pct,Pi C6 Vol Pct,Pi C7 Wt Pct,Pi C7 Vol Pct,Pi C8 Wt Pct,Pi C8 Vol Pct,Pi C9 Wt Pct,Pi C9 Vol Pct,Pi C10  Wt Pct,Pi C10  Vol Pct,Pi C11  Wt Pct,Pi C11  Vol Pct,Pn C6 Hexane Wt Pct,Pn C6 Hexane Vol Pct,Pn C7 Heptane Wt Pct,Pn C7 Heptane Vol Pct,Pn C8 Octane Wt Pct,Pn C8 Octane Vol Pct,Pn C9 Nonane Wt Pct,Pn C9 Nonane Vol Pct,Pn C10 Decane Wt Pct,Pn C10 Decane Vol Pct,Pn C11 n-C11 Wt Pct,Pn C11 n-C11 Vol Pct,On C6 Wt Pct,On C6 Vol Pct,On C7 Wt Pct,On C7 Vol Pct,On C8 Wt Pct,On C8 Vol Pct,On C9 Wt Pct,On C9 Vol Pct,On C10 Wt Pct,On C10 Vol Pct,On C11 Wt Pct,On C11 Vol Pct,A C6 Benzene Wt Pct,A C6 Benzene Vol Pct,A C7 Toluene Wt Pct,A C7 Toluene Vol Pct,A C8 m-Xylene Wt Pct,A C8 m-Xylene Vol Pct,A C8 o-Xylene Wt Pct,A C8 o-Xylene Vol Pct,A C8 p-Xylene Wt Pct,A C8 p-Xylene Vol Pct,A C8 EthBenz Wt Pct,A C8 EthBenz Vol Pct,N C6 cyc-C5 Wt Pct,N C6 cyc-C5 Vol Pct,N C6 cyc-C6 Wt Pct,N C6 cyc-C6 Vol Pct,A C8 Wt Pct,A C8 Vol Pct,A C9 Wt Pct,A C9 Vol Pct,A C10 Wt Pct,A C10 Vol Pct,A C11 Wt Pct,A C11 Vol Pct,N C6 Wt Pct,N C6 Vol Pct,N C7 Wt Pct,N C7 Vol Pct,N C8 Wt Pct,N C8 Vol Pct,N C9 Wt Pct,N C9 Vol Pct,N C10 Wt Pct,N C10 Vol Pct,N C11 Wt Pct,N C11 Vol Pct,Pi Wt Pct,Pi Vol Pct,Pn Wt Pct,Pn Vol Pct,Oi C6 Wt Pct,Oi C6 Vol Pct,Oi C7 Wt Pct,Oi C7 Vol Pct,Oi C8 Wt Pct,Oi C8 Vol Pct,Oi C9 Wt Pct,Oi C9 Vol Pct,Oi C10 Wt Pct,Oi C10 Vol Pct,Oi C11 Wt Pct,Oi C11 Vol Pct,Centroid Boiling Temperature,Viscosity @ 100C,Hydrogen,CarbonByWt,PValue,RamsCarbonResidueByWt,SulfideByWt,ZincByWt,TinByWt,ChromiumByWt,LeadByWt,AluminiumByWt,MagnesiumByWt,MetalByWt,ArsenicByWt,CadmiumByWt,MercuryByWt,NaClByWt,SaltByWt,MudByWt,ChloridesByWt,MolybdenumByWt,AshByWt,GumByWt,MicroCarbonResidueByWt,nC5InsolublesByWt,NaphthenicAcidByWt,NaphthenicAcidByVol,Gross Heating Value,Net Heating Value,Oxygen Content,
Hydrogen,0,20,5548,2,016000032,69,85910034,0,,0,0,0,0,0,13,9,0,0,,,13,9,10,,0,0,0,0,0,0,0,0,13,9,,,130,,,0,0,0,,0,0,,,,,0,,,,,,,,,,,,,,,,,,,,,,,,,,,,,,,,,,,,,,,,,,,,,,,,,,,,,,,,,,,,,,,,,,,,,,,,,,,,,,,,,,,,,,,,,,,,,,,,,0,0,0,0,,,,,,,,,,,,,,,100,0,,,,,,,,,,,,,,,,,,,,,0,,,,,,,
Nitrogen,0,77,3498,28,0135,806,3740234,0,,0,0,0,0,0,63,1,0,0,,,63,1,,,0,0,0,0,0,0,0,0,63,1,,,,,,0,0,0,,0,0,,,,,0,,,,,,,,,,,,,,,,,,,,,,,,,,,,,,,,,,,,,,,,,,,,,,,,,,,,,,,,,,,,,,,,,,,,,,,,,,,,,,,,,,,,,,,,,,,,,,,,,0,0,0,0,,,,,,,,,,,,,,,0,0,,,,,,,,,,,,,,,,,,,,,0,,,,,,,
CO,0,81,6996,28,0109005,799,3880005,0,,0,0,0,0,0,68,2,0,0,,,68,2,,,0,0,0,0,0,0,0,0,68,2,,,120,,,0,0,0,,0,0,,,,,0,,,,,,,,,,,,,,,,,,,,,,,,,,,,,,,,,,,,,,,,,,,,,,,,,,,,,,,,,,,,,,,,,,,,,,,,,,,,,,,,,,,,,,,,,,,,,,,,,0,0,0,0,,,,,,,,,,,,,,,0,0,,,,,,,,,,,,,,,,,,,,,0,,,,,,,
Oxygen,0,90,1996,32,1137,680054,0,,0,0,0,0,0,54,4,0,0,,,54,4,,,0,0,0,0,0,0,0,0,54,4,,,120,,,0,0,0,,0,0,,,,,0,,,,,,,,,,,,,,,,,,,,,,,,,,,,,,,,,,,,,,,,,,,,,,,,,,,,,,,,,,,,,,,,,,,,,,,,,,,,,,,,,,,,,,,,,,,,,,,,,0,0,0,0,,,,,,,,,,,,,,,0,0,,,,,,,,,,,,,,,,,,,,,0,,,,,,,
Methane,0,111,625,16,04290009,299,3940125,0,,0,0,0,0,3,90,4,0,0,,85,15,90,4,,,0,0,0,0,0,0,100,100,90,4,,,120,,,0,0,0,,0,0,,,,,0,,,,,,,,,,,,,,,,,,,,,,,,,,,,,,,,,,,,,,,,,,,,,,,,,,,,,,,,,,,,,,,,,,,,,,,,,,,,,,,,,,,,,,,,,,,,,,,,,0,0,100,100,,,,,,,,,,,,,,,25,13516209,75,,,,,,,,,,,,,,,,,,,,,0,,,,,,,
Ethylene,0,169,399,28,05380058,383,2260132,0,,0,0,0,0,6,104,0,0,,137,15,104,75,6,,0,0,0,0,100,100,0,0,104,,,100,51,,,0,0,0,,0,0,,,,,0,,,,,,,,,,,,,,,,,,,,,,,,,,,,,,,,,,,,,,,,,,,,,,,,,,,,,,,,,,,,,,,,,,,,,,,,,,,,,,,,,,,,,,,,,,,,,,,,,0,0,0,0,,,,,,,,,,,,,,,14,34761566,85,71428571,,,,,,,,,,,,,,,,,,,,,0,,,,,,,
Ethane,0,000138405918263521,184,55,30,06990051,355,6830139,0,,0,0,0,0,4,90,4,0,0,,138,15,90,4,100,79,,0,0,0,0,0,0,100,100,90,4,,,111,38,,,0,0,0,,0,0,,,,,0,,,,,,,,,,,,,,,,,,,,,,,,,,,,,,,,,,,,,,,,,,,,,,,,,,,,,,,,,,,,,,,,,,,,,,,,,,,,,,,,,,,,,,,,,,,,,,,,,0,0,100,100,,,,,,,,,,,,,,,20,11147323,80,,,,,,,,,,,,,,,,,,,,,0,,,,,,,
CO2,0,194,598,44,00970078,825,335022,0,,0,0,0,0,0,217,0,0,,,217,,,0,0,0,0,0,0,0,0,217,,,,,,0,0,0,,0,0,,,,,0,,,,,,,,,,,,,,,,,,,,,,,,,,,,,,,,,,,,,,,,,,,,,,,,,,,,,,,,,,,,,,,,,,,,,,,,,,,,,,,,,,,,,,,,,,,,,,,,,0,0,0,0,,,,,,,,,,,,,,,0,0,,,,,,,,,,,,,,,,,,,,,0,,,,,,,
H2S,6,56187514639671E-05,213,498,34,07600021,788,40802,0,,0,0,0,0,0,188,0,0,,,188,,,0,0,0,0,0,0,0,0,188,,2759,,,,94,1177,0,0,,0,0,,,,,0,,,,,,,,,,,,,,,,,,,,,,,,,,,,,,,,,,,,,,,,,,,,,,,,,,,,,,,,,,,,,,,,,,,,,,,,,,,,,,,,,,,,,,,,,,,,,,,,,0,0,0,0,,,,,,,,,,,,,,,5,911554252,0,,,,,,,,,,,,,,,,,,,,,0,,,,,,,
Propene,0,225,399,42,08060074,520,9550171,0,,0,0,0,0,6,87,9,0,0,,165,87,9,84,9,,0,0,0,0,100,100,0,0,87,9,,1565,102,54,,,0,0,0,,0,0,,,,,0,,,,,,,,,,,,,,,,,,,,,,,,,,,,,,,,,,,,,,,,,,,,,,,,,,,,,,,,,,,,,,,,,,,,,,,,,,,,,,,,,,,,,,,,,,,,,,,,,0,0,0,0,,,,,,,,,,,,,,,14,36465558,85,71428571,,,,,,,,,,,,,,,,,,,,,0,,,,,,,
Propane,0,0138645766430005,231,048,44,09700012,506,678009,0,,0,0,0,0,4,5,85,5,0,0,,169,15,85,5,97,1,,0,0,0,0,0,0,100,100,85,5,,1303,112,14,,,0,0,0,,0,0,,,,,0,,,,,,,,,,,,,,,,,,,,,,,,,,,,,,,,,,,,,,,,,,,,,,,,,,,,,,,,,,,,,,,,,,,,,,,,,,,,,,,,,,,,,,,,,,,,,,,,,0,0,100,100,,,,,,,,,,,,,,,18,28426304,81,81818182,,,,,,,,,,,,,,,,,,,,,0,,,,,,,
i-Butane,0,0219194771582905,261,42,58,12400055,561,9660034,0,380,85,0,0,0,0,4,8,114,0,0,,190,15,114,97,6,,0,0,0,0,0,0,100,100,114,,489,6,101,426,,,0,0,0,,0,0,,,,,0,,,,,,,,,,,,,,,,,,,,,,,,,,,,,,,,,,,,,,,,,,,,,,,,,,,,,,,,,,,,,,,,,,,,,,,,,,,,,,,,,,,,,,,,,,,,,,,,,100,100,0,0,,,,,,,,,,,,,,,17,34802065,82,75862069,,,,,,,,,,,,,,,,,,,,,0,,,,,,,
i-Butene,0,266,299,56,10770035,592,7930298,0,286,7055556,0,0,0,0,6,133,0,0,,193,15,133,88,1,,0,0,0,0,100,100,0,0,133,,442,7,105,2096138,,,0,0,0,,0,0,,,,,0,,,,,,,,,,,,,,,,,,,,,,,,,,,,,,,,,,,,,,,,,,,,,,,,,,,,,,,,,,,,,,,,,,,,,,,,,,,,,,,,,,,,,,,,,,,,,,,,,0,0,0,0,,,,,,,,,,,,,,,14,37319073,85,71428571,,,,,,,,,,,,,,,,,,,,,0,,,,,,,
1-Butene,0,266,898,56,10770035,593,7890015,0,,0,0,0,0,6,87,8,0,0,,193,15,87,8,80,8,,0,0,0,0,100,100,0,0,87,8,,432,97,4,,,0,0,0,,0,0,,0,236064836133691,0,219972008704656,0,208210021632581,0,,,,,,,,,,,,,,,,,,,,,,,,,,,,,,,,,,,,,,,,,,,,,,,,,,,,,,,,,,,,,,,,,,,,,,,,,,,,,,,,,,,,,,,,,,,,,,,,,0,0,0,0,,,,,,,,,,,,,,,14,37319073,85,71428571,,,,,,,,,,,,,,,,,,,,,0,,,,,,,
13-Butadiene,0,268,7,54,1,619,7440186,0,,0,0,0,0,8,164,0,0,,197,15,164,73,94513286,,0,0,0,0,100,100,0,0,164,,409,6,102,9723045,,,0,0,0,,0,0,,,,,0,,,,,,,,,,,,,,,,,,,,,,,,,,,,,,,,,,,,,,,,,,,,,,,,,,,,,,,,,,,,,,,,,,,,,,,,,,,,,,,,,,,,,,,,,,,,,,,,,0,0,0,0,,,,,,,,,,,,,,,11,17841035,88,88888889,,,,,,,,,,,,,,,,,,,,,0,,,,,,,
n-Butane,0,0619193010360997,272,648,58,12400055,583,2230225,0,356,35,0,0,0,0,4,8,135,0,0,,213,15,135,89,6,,0,0,0,0,0,0,100,100,135,,358,5,93,8,,,0,0,0,,0,0,,0,241514675581771,0,217701202498228,,0,,,,,,,,,,,,,,,,,,,,,,,,,,,,,,,,,,,,,,,,,,,,,,,,,,,,,,,,,,,,,,,,,,,,,,,,,,,,,,,,,,,,,,,,,,,,,,,,,0,0,100,100,,,,,,,,,,,,,,,17,34802065,82,75862069,,,,,,,,,,,,,,,,,,,,,0,,,,,,,
tr2-Butene,0,274,027,56,1,608,684021,0,,0,0,0,0,6,168,0,0,,201,168,83,84306902,,0,0,0,0,100,100,0,0,168,,343,9,105,0089318,,,0,0,0,,0,0,,,,,0,,,,,,,,,,,,,,,,,,,,,,,,,,,,,,,,,,,,,,,,,,,,,,,,,,,,,,,,,,,,,,,,,,,,,,,,,,,,,,,,,,,,,,,,,,,,,,,,,0,0,0,0,,,,,,,,,,,,,,,14,37319073,85,71428571,,,,,,,,,,,,,,,,,,,,,0,,,,,,,
i-Pentane,0,058351498707156,301,028,72,15100098,623,4420166,0,343,95,0,0,0,0,5,113,0,0,,217,113,90,3,,0,0,0,0,0,0,100,100,113,,133,8,92,3,,,0,0,0,,0,0,,,,,0,,,,,,,,,,,,,,,,,,,,,,,,,,,,,,,,,,,,,,,,,,,,,,,,,,,,,,,,,,,,,,,,,,,,,,,,,,,,,,,,,,,,,,,,,,,,,,,,,100,100,0,0,,,,,,,,,,,,,,,16,75213296,83,33333333,,,,,,,,,,,,,,,,,,,,,0,,,,,,,
1-Pentene,0,303,096,70,13500214,638,7230225,0,292,25,0,0,0,0,6,108,0,0,,245,108,77,1,,0,0,0,0,100,100,0,0,108,,131,8,90,9,,,0,0,0,,0,0,,,,,0,,,,,,,,,,,,,,,,,,,,,,,,,,,,,,,,,,,,,,,,,,,,,,,,,,,,,,,,,,,,,,,,,,,,,,,,,,,,,,,,,,,,,,,,,,,,,,,,,0,0,0,0,,,,,,,,,,,,,,,14,37831669,85,71428571,,,,,,,,,,,,,,,,,,,,,0,,,,,,,
2M-1-butene,0,304,303,70,1,654,3800049,0,,0,0,0,0,6,136,0,0,,221,136,81,9,,0,0,0,0,100,100,0,0,136,,127,2,102,54,,,0,0,0,,0,0,,,,,0,,,,,,,,,,,,,,,,,,,,,,,,,,,,,,,,,,,,,,,,,,,,,,,,,,,,,,,,,,,,,,,,,,,,,,,,,,,,,,,,,,,,,,,,,,,,,,,,,0,0,0,0,,,,,,,,,,,,,,,14,37831669,85,71428571,,,,,,,,,,,,,,,,,,,,,0,,,,,,,
n-Pentane,0,309,209,72,15100098,629,7290039,0,343,95,0,0,0,0,5,143,0,0,,233,143,61,9,,0,0,0,0,0,0,100,100,143,,101,35,61,7,,,0,0,0,,0,0,,0,317713556013358,0,28795065870348,0,265338970196147,0,,,,,,,,,,,,,,,,,,,,,,,,,,,,,,,,,,,,,,,,,,,,,,,,,,,,,,,,,,,,,,,,,,,,,,,,,,,,,,,,,,,,,,,,,,,,,,,,,0,0,100,100,,,,,,,,,,,,,,,16,75213296,83,33333333,,,,,,,,,,,,,,,,,,,,,0,,,,,,,
cis2-Butene,0,276,867,56,1,625,9530029,0,,0,0,0,0,6,134,0,0,,203,134,83,5,,0,0,0,0,100,100,0,0,134,,314,4,100,,,0,0,0,,0,0,,,,,0,,,,,,,,,,,,,,,,,,,,,,,,,,,,,,,,,,,,,,,,,,,,,,,,,,,,,,,,,,,,,,,,,,,,,,,,,,,,,,,,,,,,,,,,,,,,,,,,,0,0,0,0,,,,,,,,,,,,,,,14,37319073,85,71428571,,,,,,,,,,,,,,,,,,,,,0,,,,,,,
3M-1-butene,0,293,204,70,1,631,2700195,0,,0,0,0,0,6,105,0,0,,217,105,85,26729455,,0,0,0,0,100,100,0,0,105,,190,101,6748769,,,0,0,0,,0,0,,,,,0,,,,,,,,,,,,,,,,,,,,,,,,,,,,,,,,,,,,,,,,,,,,,,,,,,,,,,,,,,,,,,,,,,,,,,,,,,,,,,,,,,,,,,,,,,,,,,,,,0,0,0,0,,,,,,,,,,,,,,,14,37831669,85,71428571,,,,,,,,,,,,,,,,,,,,,0,,,,,,,
2M-2-butene,0,311,704,70,1,666,1090088,0,406,15,0,0,0,0,6,139,0,0,,228,139,84,7,,0,0,0,0,100,100,0,0,139,,98,11,97,3,,,0,0,0,,0,0,,,,,0,,,,,,,,,,,,,,,,,,,,,,,,,,,,,,,,,,,,,,,,,,,,,,,,,,,,,,,,,,,,,,,,,,,,,,,,,,,,,,,,,,,,,,,,,,,,,,,,,0,0,0,0,,,,,,,,,,,,,,,14,37831669,85,71428571,,,,,,,,,,,,,,,,,,,,,0,,,,,,,
2M-13-C4==,0,307,204,68,1,684,8460083,0,,0,0,0,0,7,5,127,0,0,,219,127,81,,0,0,0,0,100,100,0,0,127,,118,6,99,1,,,0,0,0,,0,0,,,,,0,,,,,,,,,,,,,,,,,,,,,,,,,,,,,,,,,,,,,,,,,,,,,,,,,,,,,,,,,,,,,,,,,,,,,,,,,,,,,,,,,,,,,,,,,,,,,,,,,0,0,0,0,,,,,,,,,,,,,,,11,8404699,88,23529412,,,,,,,,,,,,,,,,,,,,,0,,,,,,,
tr2-Pentene,0,309,493,70,1,652,2630005,0,404,4833333,0,0,0,0,6,133,0,0,,225,133,85,14880659,,0,0,0,0,100,100,0,0,133,,106,7,100,3776273,,,0,0,0,,0,0,,,,,0,,,,,,,,,,,,,,,,,,,,,,,,,,,,,,,,,,,,,,,,,,,,,,,,,,,,,,,,,,,,,,,,,,,,,,,,,,,,,,,,,,,,,,,,,,,,,,,,,0,0,0,0,,,,,,,,,,,,,,,14,37831669,85,71428571,,,,,,,,,,,,,,,,,,,,,0,,,,,,,
cis2-Pentene,0,310,083,70,1,659,5750122,0,403,9277778,0,0,0,0,6,122,0,0,,226,122,85,14880659,,0,0,0,0,100,100,0,0,122,,104,4,100,3776273,,,0,0,0,,0,0,,,,,0,,,,,,,,,,,,,,,,,,,,,,,,,,,,,,,,,,,,,,,,,,,,,,,,,,,,,,,,,,,,,,,,,,,,,,,,,,,,,,,,,,,,,,,,,,,,,,,,,0,0,0,0,,,,,,,,,,,,,,,14,37831669,85,71428571,,,,,,,,,,,,,,,,,,,,,0,,,,,,,
Cyclopentane,0,322,398,70,13500214,748,8740234,0,289,95,0,0,0,0,6,179,0,0,,233,179,84,9,,100,100,0,0,0,0,0,0,179,,41,7,101,426,,,0,0,0,,0,0,,0,483269667509962,0,429891392256475,,0,,,,,,,,,,,,,,,,,,,,,,,,,,,,,,,,,,,,,,,,,,,,,,,,,,,,,,,,,,,,,,,,,,,,,,,,,,,,,,,,,,,,,,,,,,,,,,,,,0,0,0,0,,,,,,,,,,,,,,,14,37831669,85,71428571,,,,,,,,,,,,,,,,,,,,,0,,,,,,,
Cyclopentene,0,317,38,68,1,776,5159912,0,458,3722222,0,0,0,0,7,5,138,0,0,,244,138,69,7,,100,100,0,0,0,0,0,0,138,,81,04,93,3,,,0,0,0,,0,0,,,,,0,,,,,,,,,,,,,,,,,,,,,,,,,,,,,,,,,,,,,,,,,,,,,,,,,,,,,,,,,,,,,,,,,,,,,,,,,,,,,,,,,,,,,,,,,,,,,,,,,0,0,0,0,,,,,,,,,,,,,,,11,8404699,88,23529412,,,,,,,,,,,,,,,,,,,,,0,,,,,,,
22-Mpropane,0,282,648,72,2,595,5930176,0,291,7055556,0,0,0,0,5,257,0,0,,225,257,80,2,,0,0,0,0,0,0,100,100,257,,251,8,85,5,,,0,0,0,,0,0,,,,,0,,,,,,,,,,,,,,,,,,,,,,,,,,,,,,,,,,,,,,,,,,,,,,,,,,,,,,,,,,,,,,,,,,,,,,,,,,,,,,,,,,,,,,,,,,,,,,,,,100,100,0,0,,,,,,,,,,,,,,,16,75213296,83,33333333,,,,,,,,,,,,,,,,,,,,,0,,,,,,,
33M-1-butene,0,314,397,84,16,657,1190186,0,,0,0,0,0,6,,0,0,,241,15,157,95,93,3,,0,0,0,0,100,100,0,0,,,91,82,111,77,,,0,0,0,,0,0,,,,,0,,,,,,,,,,,,,,,,,,,,,,,,,,,,,,,,,,,,,,,,,,,,,,,,,,,,,,,,,,,,,,,,,,,,,,,,,,,,,,,,,,,,,,,,,,,,,,,,,0,0,0,0,,,,,,,,,,,,,,,14,3716,85,71428571,,,,,,,,,,,,,,,,,,,,,0,,,,,,,
H2O,0,373,148,18,01510048,997,9860229,0,,0,0,0,0,0,,0,0,,,,,,0,0,0,0,0,0,0,0,,,,,,,0,0,0,,0,0,,0,698140124178851,0,560124358458913,0,474686748589316,0,,,,,,,,,,,,,,,,,,,,,,,,,,,,,,,,,,,,,,,,,,,,,,,,,,,,,,,,,,,,,,,,,,,,,,,,,,,,,,,,,,,,,,,,,,,,,,,,,0,0,0,0,,,,,,,,,,,,,,0,279783740086422,11,18972388,0,,,,,,,,,,,,,,,,,,,,,0,,,,,,,
36-40C*,0,00866038067764824,313,149994,72,7601351675354,633,19221585251,0,0181973365223313,223,889182389283,0,368056724833485,0,496432645887134,0,000116506252385226,0,493089473569538,4,1178829416095,115,072459310048,0,0,37,3424266310717,237,452880911821,140,4374571471,66,2413476768232,74,9984388768232,6,27567124082084,7,41438325748324,0,00473446922069592,1,947785281063,0,0,93,3562720343457,92,0891840966296,115,072459310048,1,35758520563429,69,771486719745,67,9580626432209,76,7151538432209,52,5453840048752,0,0,000140016923845436,0,94,1972145768408,0,1,24698396887356E-07,117,364479716384,0,382493105610309,0,343001825945337,0,305960573432594,0,799124430441106,0,0,0,0,0,0,0,0,0,0,0,0,0,0,0,0,0,0,0,0,0,0,0,0,15,935050557785,15,7284503986363,2,76092335767773,2,61153188882726,0,0,0,0,0,0,0,0,10,8621070289468,10,6859596804756,0,321995217998111,0,30563445369385,0,0,0,0,0,0,0,0,0,0,0,0,0,0,0,0,0,0,0,0,1,10841959738553,0,819096171581158,0,156609833491744,0,117346634994715,0,0,0,0,0,0,0,0,0,0,0,0,0,0,0,0,0,0,0,0,6,31907177291472,5,37134122178984,0,980836586480619,0,832528586045592,0,0,0,0,0,0,0,0,20,8608406616517,20,1770443861934,71,2283434349779,73,1792276481523,0,0,0,0,0,0,0,0,0,0,0,0,311,149997,0,311951541992621,15,8988350249582,83,9941121469899,0,0,0,0,0,0,0,0,0,0,0,0,0,6,88078925639264E-11,0,0,0,0,2,63991732197496E-10,0,0,0,0,0,48483,7430870687,44896,1127237241,0,
40-50C*,0,0149703413679124,323,149994,75,6377750438685,643,365934215422,0,0218905896865753,225,322892495723,0,459027442099819,0,606817061810522,0,000141479117893159,0,590934273909066,4,14358276536102,120,267710196343,0,0,39,2933098108957,241,95145889631,144,381281636953,64,0833848117503,72,8404760117503,6,76145461766313,9,06301046218064,0,00574929255145544,2,38088560670757,0,0,92,779517940237,90,3301724760088,120,267710196343,1,36237499941362,53,8534496241554,65,6032572241672,74,3603484241672,50,631286295368,0,0,000131777447029705,0,66,689087343625,0,5,61142785993101E-07,113,658858082758,0,397379250804722,0,355359182378004,0,316381357382721,0,96144435288415,0,0,0,0,0,0,0,0,0,0,0,0,0,0,0,0,0,0,0,0,0,0,0,0,15,9350505403016,15,7284503807716,2,76092335464855,2,61153188586103,0,0,0,0,0,0,0,0,10,8621070170293,10,6859596683383,0,321995217644831,0,305634453346704,0,0,0,0,0,0,0,0,0,0,0,0,0,0,0,0,0,0,0,0,1,10841959616942,0,819096170650812,0,156609833319917,0,11734663486143,0,0,0,0,0,0,0,0,0,0,0,0,0,0,0,0,0,0,0,0,6,31907176598168,5,37134121568897,0,980836585404483,0,832528585099989,0,0,0,0,0,0,0,0,19,1018290094638,19,6002902616212,71,2283434665451,73,1792276786159,0,0,0,0,0,0,0,0,0,0,0,0,318,15,0,317684914499386,16,0766782020099,83,6600734148659,0,0,0,0,0,0,0,0,0,0,0,0,0,3,09635516537669E-10,0,0,0,0,1,18796279488873E-09,0,0,0,0,0,48326,0174116983,44786,6115004683,0,
50-60C*,0,0215773177203474,333,149994,79,8292025608785,658,441996946712,0,0271666656354953,227,373825011536,0,577760413842404,0,76450908455822,0,000177154640047348,0,657332508685012,4,14732398799944,127,06236669809,0,0,40,5575680215194,246,919469649669,150,65891759575,60,9897371316751,69,7468283316751,9,42041935553364,10,6650862462711,0,00719904016682618,2,64267817233115,0,0,90,001820230624,88,5704046691706,127,06236669809,1,36958154725729,40,4588243352976,62,2392494826619,70,9963406826619,47,9039302570434,0,0,000120006765864377,0,46,9073840140768,0,1,18463477042988E-06,108,247146189098,0,420693123217188,0,374751420064133,0,332861300124431,1,19332995637421,0,0,0,0,0,0,0,0,0,0,0,0,0,0,0,0,0,0,0,0,0,0,0,0,19,5136242243992,19,4142506188603,3,38095073615999,3,22351746699941,0,0,0,0,0,0,0,0,13,3014372360759,13,1901041794796,0,394306479498365,0,3772567374015,0,0,0,0,0,0,0,0,0,0,0,0,0,0,0,0,0,0,0,0,1,35734012439479,1,01104291605258,0,191780090657486,0,144845609282961,0,0,0,0,0,0,0,0,0,0,0,0,0,0,0,0,0,0,0,0,7,7381613303652,6,63005966870612,1,20110548157468,1,02762307838386,0,0,0,0,0,0,0,0,23,8033832209093,23,1077641114857,64,7670214482613,66,8940561191383,0,0,0,0,0,0,0,0,0,0,0,0,328,15,0,326496314915391,16,2401559201977,83,4893788818573,0,0,0,0,0,0,0,0,0,0,0,0,0,6,53674979357301E-10,0,0,0,0,2,50792145587621E-09,0,0,0,0,0,48101,2524221371,44630,5681597488,0,
60-70C*,0,0271164584218557,343,149994,84,1138281625638,673,925475485402,0,0356434170103881,229,446631917373,1,61621784487056,2,10570050584311,0,000212830162201537,0,823807433645815,4,19584899272454,133,177830515825,0,0,40,5953954743783,252,357995291657,153,328283882593,57,371106470203,66,128197670203,13,4428050993377,14,8065658414274,0,00864878778219692,3,38825744285913,0,0,84,9409770557918,83,0877336527295,133,177830515825,1,37714045409506,29,583538417411,58,2525493733868,67,0096405733868,45,2322943856358,0,0,000108236084699048,0,32,7730229688828,0,1,80812675486666E-06,102,795985070334,0,446669034030047,0,396397275825851,0,351405747841586,1,43281264900016,0,0,0,000100615921993247,0,000102803041659313,15,4952990663507,16,0409915368024,18,8475769941856,19,1847066966852,0,0,0,0,0,0,0,0,0,0,0,0,0,0,0,0,26,397290070631,27,1624928285657,4,57362180754387,4,51002574341281,0,0,0,0,0,0,0,0,17,9936793411219,18,4542848043332,0,533402836723332,0,527820188652633,0,0,0,0,0,0,0,0,0,0,0,0,0,0,0,0,0,0,0,0,1,83615819266187,1,41455091395449,0,259432826246987,0,202653602275823,0,0,0,0,0,0,0,0,0,00150811906171641,0,00136285882498758,0,0,0,0,0,0,0,0,0,0,10,4678908900778,9,27612153256343,1,62480989886583,1,4377482317012,0,0,0,0,0,0,0,0,54,521635810606,55,7397386898003,28,5660978421235,29,2012383659915,0,0,0,0,0,0,0,0,0,0,0,0,338,15,0,336107402062408,16,2890820971629,83,4293616444425,0,0,0,0,0,0,0,0,0,0,0,0,0,9,97714442176933E-10,0,0,0,0,3,82788011686369E-09,0,0,0,0,0,47880,8809093903,44477,5749951303,0,
70-80C*,0,0344616846219944,353,149994,88,4895989685678,689,560322878016,0,0383378044857785,231,558710438666,3,03052122979843,3,89733591929487,0,000248505684355726,1,00116635742046,4,24955962404446,138,679221515253,0,0,39,8806782558028,261,223747297896,155,641077434677,53,6908908094813,62,4479820094813,17,864914901243,19,0161636144202,0,0100985353975677,4,19154244979675,0,0,79,1045638689586,77,086500466285,138,679221515253,1,3849530477502,21,0531384732705,54,1952979120984,62,9523891120984,42,6606942622347,0,9,64654035337192E-05,0,22,7403242732689,0,2,43161873930344E-06,97,4087067517313,0,475622221272168,0,420553852267489,0,372247492113879,1,65961365574577,0,0,0,0,0,0,0,0,3,00849676939176,3,14087568689412,0,968729527711713,1,01280944345627,0,0,0,0,0,0,0,0,0,0,0,0,26,397290070631,28,2466573486692,4,57362180754387,4,69003904066876,0,0,0,0,0,0,0,0,17,9936793411219,19,190869658861,0,533402836723332,0,548887618845553,0,0,0,0,0,0,0,0,0,0,0,0,0,0,0,0,0,0,0,0,1,83615819266187,1,47101133982441,0,259432826246987,0,210742323986503,0,0,0,0,0,0,0,0,28,9827830357115,27,2365919410437,1,38447546270495,1,25154198045302,0,0,0,0,0,0,0,0,10,4678908900778,9,64636891424692,1,62480989886583,1,49513455597894,0,0,0,0,0,0,0,0,13,9543841230093,14,0750360695333,63,1321163432757,65,0295277994253,0,0,0,0,0,0,0,0,0,0,0,0,348,15,0,346604028344828,16,2238049834132,83,480617908526,0,0,0,0,0,0,0,0,0,0,0,0,0,1,34175390499657E-09,0,0,0,0,5,14783877785117E-09,0,0,0,0,0,47668,3971106221,44330,0578845995,0,
80-90C*,0,0491718780170846,363,149994,92,9562341487883,705,090492171075,0,0404432425799049,233,724319020631,5,27089957962758,6,60187732299653,0,000284181206509915,1,18791005190089,4,30793915020046,143,63165956208,0,0,38,7664729697237,268,141955218325,157,861839954515,50,6034368996066,59,3605280996066,20,7885791584844,22,5903854797119,0,0115482830129384,5,04777640285822,0,0,73,940521261888,70,8077371972916,143,63165956208,1,39290407196123,14,4139823059403,50,8496948711182,59,6067860711182,40,2254501200658,0,8,46947223683905E-05,0,15,6673092791443,0,3,05511072374022E-06,92,1802763027143,0,507910842776488,0,447510394955736,0,395645188125189,1,87327427268589,0,0,0,0,0,0,0,0,0,0747445525808094,0,0774589361352183,2,2309236394115,2,31526492700027,0,0,0,0,3,65147056706601,3,66980163165281,9,82417455343148,10,1126318557163,0,00197109806756441,0,00200351274833839,2,17941253282414E-12,2,1806008584295E-12,26,397290070631,28,0386981131862,4,57362180754387,4,65550975384933,0,0,0,0,0,0,0,0,17,9936793411219,19,0495814868396,0,533402836723332,0,544846565485782,0,0,0,0,0,0,0,0,0,0,0,0,0,0,0,0,0,0,0,0,1,83615819266187,1,46018137188022,0,259432826246987,0,209190784204675,0,0,0,0,0,0,0,0,0,0,7,93094513964545,7,11665458610074,0,0,0,0,0,0,0,0,10,4678908900778,9,57534983826102,1,62480989886583,1,48412698664543,0,0,0,0,0,0,0,0,33,0870075495574,33,9556719403343,37,7207296477342,39,9848493215537,0,0,0,0,0,0,0,0,0,0,0,0,358,15,0,358083025510269,16,054042562485,83,634366595218,0,0,0,0,0,0,0,0,0,0,0,0,0,1,6857933678162E-09,0,0,0,0,6,46779743883865E-09,0,0,0,0,0,47466,6648381899,44190,005033029,0,
90-100C*,0,0515188697339113,373,149994,97,7055597135687,720,259936411102,0,0420839173316034,235,955072750264,6,75573118096088,8,34367638332507,0,000319856728664104,1,38253928897901,4,37047083943379,148,100264522008,0,0,37,5183055758439,275,043226968107,160,524897300384,48,089424237351,56,846515437351,25,5377587797733,27,1638476834713,0,0129980306283091,5,95220251175777,0,0,67,7065100392658,64,4924759332037,148,100264522008,1,40086126070133,9,13786851802737,48,186292729606,56,943383929606,37,9561488223754,0,7,29240412030618E-05,0,10,7156648150324,0,3,678602708177E-06,87,1970917788939,0,543943062383492,0,477593137732227,0,421886684089319,2,07821020067927,0,0,0,0,0,0,0,0,0,0,0,0,0,0,0,0,2,42676806291975,2,39388254557968,15,6053053236973,15,7666773200725,24,2555591060109,24,1988624023832,1,55346736897768,1,52559287647972,0,0,0,0,0,0,0,0,0,0,0,0,0,0,0,0,0,0,0,0,0,0,0,0,0,0,0,0,0,0,0,0,0,0,0,0,0,23,0,179524748581311,0,0,0,0,0,0,0,0,0,0,0,0,0,0,0,0,0,0,0,0,0,0,0,0,0,0,0,0,0,0,0,0,0,0,28,6958394825076,30,0995846808831,35,7966364506961,37,6069253583827,0,0,0,0,0,0,0,0,0,0,0,0,368,15,0,370653888097717,15,7974211140113,83,8739297339955,0,0,0,0,0,0,0,0,0,0,0,0,0,2,02983283063583E-09,0,0,0,0,7,78775609982612E-09,0,0,0,0,0,47278,0169852789,44059,0360540735,0,
100-110C*,0,0429816612465126,383,149994,102,653198223057,734,81260864462,0,0433840147797098,238,260461632024,8,06671385999724,9,87876327342783,0,000355532250818293,1,58355484054677,4,43663795998573,152,150156260744,0,0,36,3379978272558,281,929104575811,163,665809837458,46,674882000749,55,431973200749,30,6406886957481,31,7394879650965,0,0144477782436799,6,9000639862096,0,0,61,2925974442547,58,3817487614756,152,150156260744,1,40867571967864,6,76320973666146,46,8326917754716,55,5897829754716,35,8769640550031,0,6,1153360037733E-05,0,7,27405367643317,0,4,30209469261378E-06,82,5373567235428,0,584185499914172,0,51117100249964,0,451292851744131,2,27883714058465,0,0,0,0,0,0,0,0,0,0,0,0,0,0,0,0,0,0,0,0,0,0,0,0,0,0,0,0,0,0,0,0,0,0,0,0,0,0,0,0,0,0,0,0,0,0,0,0,0,0,0,0,0,0,0,0,0,0,0,0,0,23,0,201355503600092,0,0,0,0,0,0,0,0,0,0,0,0,0,0,0,0,0,0,0,0,0,0,0,0,0,0,0,0,0,0,0,0,0,0,58,2705659780989,61,1675728167528,0,111182783376776,0,125024627501924,0,0,0,0,0,0,0,0,0,0,0,0,378,15,0,38444076488258,15,4774190791732,84,1768022297914,0,0,0,0,0,0,0,0,0,0,0,0,0,2,37387229345546E-09,0,0,0,0,9,1077147608136E-09,0,0,0,0,0,47104,3596217044,43938,4742387943,0,
110-120C*,0,0394853067961073,393,149994,107,784019253299,748,492461918152,0,0444677209630602,240,64836334497,9,15514976869016,11,2071379933048,0,000391207772972482,1,78945747849609,4,50592378009752,155,846454643992,0,0,35,3816633896165,288,800875057926,167,408372209209,45,9555369703874,54,7126281703874,35,9298446653935,36,0762742371332,0,0158975258590506,7,88660403592792,0,0,54,9150055659163,52,716587769562,155,846454643992,1,41618324013128,6,50296821002538,46,2956460346391,55,0527372346391,34,007962461715,0,4,93826788724043E-05,0,4,89968911879822,0,4,92558667705056E-06,78,2719273350074,0,629173336136019,0,548662316507063,0,484221989250466,2,47957079326079,0,0,0,0,0,0,0,0,0,0,0,0,0,0,0,0,0,0,0,0,0,0,0,0,0,0,0,0,64,6583278275939,67,031554412323,0,0,0,0,0,0,0,0,0,0,0,0,0,0,0,0,0,0,0,0,0,0,0,0,0,0,0,0,0,0,0,23,0,191044079482062,0,0,0,0,0,0,0,0,0,0,0,0,0,0,0,0,0,0,0,0,0,0,0,0,0,0,35,1116721724061,32,777401508195,0,0,0,0,0,0,52,716587769562,54,9150055659163,0,0,0,0,0,0,0,0,0,0,0,0,0,0,388,15,0,399584824470906,15,1209083810426,84,51604722974,0,0,0,0,0,0,0,0,0,0,0,0,0,2,71791175627509E-09,0,0,0,0,1,04276734218011E-08,0,0,0,0,0,46947,2749813147,43829,4180547775,0,
120-130C*,0,0399066733010389,403,149994,113,056744375586,756,213814623228,0,0454592219204905,243,389414720549,9,75988827626229,11,8010747031323,0,000426883295126671,1,9987479747189,4,57781156801044,159,254279537457,0,0,37,0245502265222,295,659628714321,173,490236839083,45,3553619513949,54,112453151395,37,9052322428417,38,1775610960397,0,0173472734744214,8,90706587062696,0,0,52,334879480896,50,0213642008281,159,254279537457,1,42062398218902,6,24778515459541,45,7586002938066,54,5156914938066,33,0385314679393,0,000967248327231073,4,80670296376099E-05,0,3,27410946973025,0,5,54907866148734E-06,76,030877746826,0,679522432050611,0,590542743159927,0,521074875571862,2,68482685956642,0,0,0,0,0,0,0,0,0,0,0,0,0,0,0,0,0,0,0,0,0,0,0,0,0,0,0,0,0,000112150944834335,0,000114436132719917,0,0,0,0,0,0,0,0,0,0,83,2818423885921,84,7299357192344,0,0,0,0,0,0,0,0,0,0,0,0,0,0,0,0,0,0,0,23,0,187099902160574,0,0,0,0,0,0,0,0,0,0,0,0,0,0,0,0,0,0,0,0,0,0,0,0,0,0,16,4880454604631,15,0828499424723,0,0,0,0,0,0,0,0,50,0213642008281,52,334879480896,0,0,0,0,0,0,0,0,0,0,0,0,398,15,0,41624707755006,14,9441248186431,84,6934026732442,0,0,0,0,0,0,0,0,0,0,0,0,0,3,06195121909473E-09,0,0,0,0,1,17476320827886E-08,0,0,0,0,0,46861,1205407177,43769,6052398243,0,
130-140C*,0,0382825283900375,413,149994,118,499620209797,765,867541721795,0,0490400982034361,246,035282724024,10,3999208415097,12,2013739625978,0,00046255881728086,2,20992710110712,4,65178459196575,162,438750806843,0,0,37,497409672343,302,506300924676,179,338276966676,44,7165394445327,53,4736306445327,39,3090584350455,40,7966090943178,0,0187970210897921,9,95669270002091,0,0,50,2910207234448,47,0020169430843,162,438750806843,1,42610400329108,5,99771301597607,45,2215545529742,53,9786457529742,31,8266419015899,0,00224353693389336,5,00918110846901E-05,0,2,16992315290012,0,6,17257064592411E-06,73,2018400806707,0,735943907309614,0,637354662517741,0,562300563453287,2,89902104036031,0,0,0,0,0,0,0,0,0,0,0,0,0,0,0,0,0,0,0,0,0,0,0,0,0,0,0,0,0,0,9,5666399498012E-16,1,06387080253628E-15,0,0,0,0,0,0,0,0,0,0,0,0,0,0,0,0,0,0,0,0,0,0,0,0,0,0,0,0,0,23,0,209945966469706,0,0,9,8788037961993,9,17669285634357,4,5391242146791E-18,4,1388708465871E-18,10,2636854236136,9,56348820030302,10,2689620228441,9,50457371291856,0,0,0,0,30,411451242657,28,2447547695651,0,0,0,0,0,0,0,0,0,0,69,358548757343,71,5452992639651,0,0,0,0,0,0,47,0020169430843,50,2910207234448,0,0,0,0,0,0,0,0,0,0,0,0,0,0,408,15,0,434611759236795,14,6740304355597,84,9563482545653,0,0,0,0,0,0,0,0,0,0,0,0,0,3,40599068191436E-09,0,0,0,0,1,3067590743776E-08,0,0,0,0,0,46801,8799295197,43723,034109073,0,
140-150C*,0,0361721965062536,423,149994,124,156936352919,772,452942010609,0,0508044859370203,248,855256640376,11,1416768067082,12,8700656011035,0,000498234339435049,2,42149562955269,4,72732612020471,165,464988317856,0,0,39,157535452597,309,341702896494,186,041199402854,44,1390834738654,52,8961746738654,40,1739384928837,41,9933777072012,0,0202467687051628,11,030727733824,0,0,48,6843847004081,45,1365566916953,165,464988317856,1,42993096172212,5,75280214706209,44,6845088121417,53,4416000121417,31,0582486117434,0,00351982554055564,5,21165925317703E-05,0,1,42597351899186,0,6,79606263036089E-06,71,3922760817158,0,799261730192755,0,689718286535863,0,608403006251037,3,12656903650119,0,0,0,0,0,0,0,0,0,0,0,0,0,0,0,0,0,0,0,0,0,0,0,0,0,0,0,0,0,0,84,395593253112,86,3886062144631,0,0,0,0,0,0,0,0,0,0,2,67077664803451,2,74855969473566,0,0,0,0,0,0,0,0,0,0,0,0,0,0,0,0,0,23,0,193247894678702,0,0,0,46476264513696,0,397393067764778,12,2325498390459,10,2667748192541,0,00628556838808605,0,00539094356659837,1,7881632373077E-13,1,5234229485711E-13,0,0,0,0,12,7035980525711,10,6695588305856,3,20462823507311E-05,2,73655369046353E-05,0,0,0,0,0,0,0,0,0,0,0,0,0,0,0,0,42,4657800436608,45,9358250056725,2,67077664803451,2,74855969473566,0,0,0,0,0,0,0,0,0,0,0,0,418,15,0,454890401910559,14,5115238956741,85,120538437556,0,0,0,0,0,0,0,0,0,0,0,0,0,3,75003014473399E-09,0,0,0,0,1,43875494047635E-08,0,0,0,0,0,46721,2287449252,43664,4944105052,0,
150-160C*,0,031649384930564,433,149994,130,041131239178,778,24030579713,0,0525688736706045,251,72253814414,11,5674405559981,13,1571759978641,0,000533909861589238,2,63195433194754,4,80391942096858,168,398111936199,0,0,40,9605478422229,316,166544788216,192,930397859811,43,5775882332441,52,3346794332441,41,0544730859709,43,2739549142714,0,0216965163205336,12,1244141817504,0,0,47,3780863580309,43,5688690878645,168,398111936199,1,43330291816541,5,51310065825743,44,1474630713092,52,9045542713092,30,4103609297815,0,00479611414721793,5,41413739788505E-05,0,0,928922263560238,0,7,41955461479767E-06,69,8569594981649,0,870434007528839,0,748344853742933,0,659948621764166,3,37188654884781,0,0,0,0,0,0,0,0,0,0,0,0,0,0,0,0,0,0,0,0,0,0,0,0,0,0,0,0,0,0,0,0,0,0,0,0,0,0,0,0,0,0,21,3093061852683,23,4338927882846,0,0,0,0,0,0,0,0,0,0,0,0,0,0,0,0,0,23,0,206501065526692,0,0,0,0,0,0,0,0,0,0,0,0,0,0,0,0,19,1939558721181,17,5145238942149,0,0,0,0,0,0,0,0,0,0,59,2667379426135,58,8450822519738,0,0,0,0,22,2595629025962,23,9441935697463,21,3093061852683,23,4338927882846,0,0,0,0,0,0,0,0,0,0,0,0,428,15,0,477326763813392,14,3732441308178,85,2619917791879,0,0,0,0,0,0,0,0,0,0,0,0,0,4,09406960755362E-09,0,0,0,0,1,5707508065751E-08,0,0,0,0,0,46646,3760371505,43609,0837968721,0,
160-170C*,0,029489284757353,443,149994,136,163282218279,783,462500975991,0,0543332614041887,254,623220323504,11,9645435572469,13,4225751870469,0,000569585383743427,2,83980398018359,4,88104776249862,171,303241527578,0,0,42,8189735260324,322,981453432259,199,892140413238,43,0273963647759,51,7844875647759,41,8856897198219,44,4220325981071,0,0231462639359043,13,2329952535144,0,0,46,1497667229312,42,1553922148459,171,303241527578,1,4363393109821,5,27865426312549,43,6104173304768,52,3675085304768,29,8475540760158,0,00607240275388021,5,61661554259308E-05,0,0,599691777132532,0,8,04304659923445E-06,68,5161747777963,0,95057883521073,0,814052320864237,0,717574903398362,3,63938927825892,0,0,0,0,0,0,0,0,0,0,0,0,0,0,0,0,0,0,0,0,0,0,0,0,0,0,0,0,0,0,0,0,8,45517479619353E-05,9,17018074509116E-05,0,0,0,0,0,0,0,0,0,0,1,40996339644584E-05,1,53540247651528E-05,0,0,0,0,0,0,0,0,0,0,0,0,0,0,0,23,0,20802654034271,0,0,0,0,0,0,0,0,0,0,0,0,0,0,0,0,0,0,0,0,0,0,0,0,0,0,0,0,99,769902027083,99,7918664038251,0,0,0,0,42,155378115212,46,1497513689065,1,40996339644584E-05,1,53540247651528E-05,0,0,0,0,0,0,0,0,0,0,0,0,438,15,0,502202824161804,14,2520726811326,85,3871456410181,0,0,0,0,0,0,0,0,0,0,0,0,0,4,43810907037325E-09,0,0,0,0,1,70274667267385E-08,0,0,0,0,0,46575,8564382479,43556,1154855802,0,
170-180C*,0,0269209582999178,453,149994,142,53266306068,788,352395441825,0,0560976491377729,257,544274522051,12,3917095987304,13,723216200702,0,000605260905897617,3,04122539057937,4,95622891706816,175,293996792606,0,0,44,645150594071,329,786986146791,206,743546200053,42,4838505105683,51,2409417105683,42,8720617448049,45,6599349925714,0,0245960115512751,14,3506823718377,0,0,44,7362286564647,40,6168488067266,174,343031048275,1,4391640642153,5,04950611959061,43,0733715896443,51,8304627896443,29,3366404319801,0,0073486913605425,5,8190936873011E-05,0,0,383559308039418,0,0,000238499646315652,67,2933109527411,1,04100578895089,0,887784057899364,0,782000194772778,3,93349292559326,0,0,0,0,0,0,0,0,0,0,0,0,0,0,0,0,0,0,0,0,0,0,0,0,0,0,0,0,0,0,0,0,84,7632637688219,84,9073260510353,0,0,0,0,0,0,0,0,0,0,12,7778913161285,12,8515578755533,0,0,0,0,0,0,0,0,0,0,0,0,0,0,0,19,0,158718188958154,0,0,0,0,0,0,0,0,0,0,0,0,0,0,0,0,0,0,5,31238462710449E-10,4,52323025152596E-10,0,0,0,0,0,0,0,0,0,0,2,26884491451837,2,08239788400096,0,0,27,8389574905981,31,8846707809114,12,7778913161285,12,8515578755533,0,0,0,0,0,0,0,0,0,0,0,0,448,15,0,529846115136134,14,1395950516049,85,5037181021366,0,0,0,0,0,0,0,0,0,0,0,0,0,1,31602798831858E-07,0,0,0,0,5,04913746535447E-07,0,0,0,0,0,46507,4221385994,43504,1220135388,0,
180-190C*,0,0227232183790965,463,149994,149,156216375396,793,142857089264,0,0564263360955631,260,473367485868,12,8804699869918,14,1160520708794,0,000640936428051806,3,22896780843419,5,024073386191,183,063360018433,0,0,46,3508759941281,336,583641658298,213,19223714163,41,9422933127286,50,6993845127286,44,6358896055229,47,4589964449219,0,0260457591666458,15,466947123821,0,0,42,4836404074854,38,4249514841987,176,819550667935,1,44190388126929,4,82569666684509,42,5363258488118,51,2934170488119,28,8462037631738,0,00775903015940361,6,02157183200912E-05,0,0,242975333809528,0,0,000541535122157957,66,114351019306,1,14325441421122,0,970631162013866,0,854034747319724,4,3105216024964,0,0,0,0,0,0,0,0,0,0,0,0,0,0,0,0,0,0,0,0,0,0,0,0,0,0,0,0,0,0,0,0,0,0,0,0,0,0,0,0,0,0,0,0,0,0,0,0,0,0,0,0,0,0,0,0,0,0,0,0,0,19,0,175970854782361,0,0,0,0,0,0,0,0,0,0,0,0,0,0,0,0,0,0,23,6678033108677,22,3424698317943,0,0,0,0,0,0,0,0,0,0,76,1421880835085,77,4815499846359,8,60562383578385E-06,9,32878743932564E-06,38,4249514841987,42,4836404074854,0,0,0,0,0,0,0,0,0,0,0,0,0,0,458,15,0,560638739826498,14,0265601949941,85,6202527250942,0,0,0,0,0,0,0,0,0,0,0,0,0,2,98816115003446E-07,0,0,0,0,1,14645254881186E-06,0,0,0,0,0,46438,258671299,43451,0706387914,0,
190-200C*,0,020453923692497,473,149994,156,031929086551,798,477235972845,0,0618929366693607,263,378509038744,13,6156449126229,14,8270437501195,0,000676611950205995,3,41361373167212,5,09430023058395,190,590321443965,0,0,47,6661242777917,343,371868852483,219,584742450582,41,389857770166,50,146948970166,46,4135609857285,49,0179440947134,0,0274955067820165,16,5832118758043,0,0,39,9707941016485,36,1550121551671,179,79525001098,1,44491574481027,4,60726345815307,41,9992801079794,50,7563713079794,28,2947561763919,0,0104606734394591,6,58530712385668E-05,0,0,152398580138068,0,00289426387179123,0,000844570598000262,64,782751773116,1,25914143156028,1,0638591388079,0,934593180267504,4,76604582282222,0,0,0,0,0,0,0,0,0,0,0,0,0,0,0,0,0,0,0,0,0,0,0,0,0,0,0,0,0,0,0,0,0,0,45,9343492999784,46,2187564318861,0,0,0,0,0,0,0,0,0,0,5,10381658888649,5,14413942977952,0,0,0,0,0,0,0,0,0,0,0,0,0,0,0,0,0,0,0,0,0,0,0,0,0,0,0,0,0,0,0,0,0,0,0,0,0,0,0,0,0,0,0,0,0,0,48,9618341111351,48,6371041383344,31,0511955662806,34,826654671869,5,10381658888649,5,14413942977952,0,0,0,0,0,0,0,0,0,0,0,0,468,15,0,595028529871817,13,8834367032587,85,7551366587651,0,0,0,0,0,0,0,0,0,0,0,0,0,4,66029431175034E-07,0,0,0,0,1,78799135108826E-06,0,0,0,0,0,46358,9196465578,43389,6790507516,0,
200-210C*,0,0191777286566209,483,149994,163,150769241549,805,086148949128,0,0722837212306241,266,225236312894,14,5333287206478,15,7726469533644,0,0031419361476981,3,59516316029315,5,16766288367388,197,793797333338,0,0,48,2919436806384,350,152073867354,225,904017321288,40,8119315457494,49,5690227457494,48,1917092423213,50,4147523726952,0,127678984433241,16,998230437948,0,0,37,2749620370308,33,8126006739404,183,207339809248,1,44861220003979,4,39424098978377,41,4622343671469,50,2193255671469,27,5945111439551,0,0138660697767558,8,17466524175465E-05,0,0,0946120787502722,0,013439893098236,0,00114760607384257,63,0827307613126,1,39081883233009,1,16893986257798,1,02470845698828,5,24306666142745,0,0,0,0,0,0,0,0,0,0,0,0,0,0,0,0,0,0,0,0,0,0,0,0,0,0,0,0,0,0,0,0,0,0,5,93953310534313E-14,6,87955044566699E-14,0,0,0,0,0,0,0,0,0,0,3,29974061407952E-15,3,82846374922129E-15,0,0,0,0,0,0,0,0,0,0,0,0,0,0,0,0,0,0,0,0,0,0,0,0,0,0,0,0,0,0,0,0,0,0,93,1129481102544,93,0994359553915,0,0,0,0,0,0,0,0,0,0,0,0,33,8126006739404,37,2749620370308,0,0,0,0,0,0,0,0,0,0,0,0,0,0,478,15,0,633542936712733,13,6773299159077,85,9451071227645,0,0,0,0,0,0,0,0,0,0,0,0,0,6,33242747346623E-07,0,0,0,0,2,42953015336467E-06,0,0,0,0,0,46257,4574754311,43310,4601414044,0,
210-220C*,0,0194519524161987,493,149994,170,529915457781,811,709781683721,0,0779067790157206,269,076525325789,15,6234646741169,16,939487123269,0,00560726034519021,3,77361609429728,5,24491477888762,204,793263349342,0,0,48,804883596185,356,924625903101,232,161942633553,40,2337109261666,48,9908021261666,49,9333755580266,51,6572259819035,0,227862462084466,18,3321502657209,0,0,34,4431597678565,31,4032868948275,187,176426214219,1,45229489746089,4,18666052635124,40,9251886263145,49,6822798263145,26,9058861312789,0,0172714661140525,9,78291399978218E-05,0,0,0581180077396885,0,0239855223246807,0,00145064154968487,61,4009736005211,1,54084562996553,1,28758992679552,1,12554747891908,5,73813043571455,0,0,0,0,0,0,0,0,0,0,0,0,0,0,0,0,0,0,0,0,0,0,0,0,0,0,0,0,0,0,0,0,0,0,0,0,0,0,0,0,0,0,0,0,0,0,0,0,0,0,0,0,0,0,0,0,0,0,0,0,0,0,0,0,0,0,0,0,0,0,0,0,0,0,0,0,0,0,0,0,0,0,0,0,0,0,0,0,0,0,0,0,0,0,0,0,31,4032868948275,34,4431597678565,0,0,0,0,0,0,0,0,0,0,0,0,0,0,488,15,0,676806439609078,13,4650896395052,86,1403661144549,0,0,0,0,0,0,0,0,0,0,0,0,0,8,00456063518211E-07,0,0,0,0,3,07106895564108E-06,0,0,0,0,0,46152,517627613,43227,8202112499,0,
220-230C*,0,0186266564449488,503,149994,178,166573378482,818,312392961844,0,0872866450655306,271,933960756201,16,829038864161,18,2454651808935,0,00807258454268232,4,54064095236951,5,32749964401857,211,590511306907,0,0,49,2316711103079,363,689862026194,238,346942622315,39,6559107357132,48,4130019357132,51,6209529820731,52,8218941469693,0,32804593973569,20,0677555743342,0,0,31,5500081537658,28,9326406721372,191,900656288011,1,45594256514725,3,98454992288707,40,388142885482,49,145234085482,26,2329177567784,0,0206768624513492,0,000114100533979393,0,0,0353116644106493,0,0345311515511254,0,00175367702552718,59,7479234001937,1,71227679524402,1,42181674033684,1,23842837546433,6,24778346308597,0,0,0,0,0,0,0,0,0,0,0,0,0,0,0,0,0,0,0,0,0,0,0,0,0,0,0,0,0,0,0,0,0,0,0,0,0,0,0,0,0,0,0,0,0,0,0,0,0,0,0,0,0,0,0,0,0,0,0,0,0,0,0,0,0,0,0,0,0,0,0,0,0,0,0,0,0,0,0,0,0,0,0,0,0,0,0,0,0,0,0,0,0,0,0,0,28,9326406721372,31,5500081537658,0,0,0,0,0,0,0,0,0,0,0,0,0,0,498,15,0,725562511089004,13,2499607357262,86,3443054818197,0,0,0,0,0,0,0,0,0,0,0,0,0,9,676693796898E-07,0,0,0,0,3,71260775791749E-06,0,0,0,0,0,46044,9359899477,43142,4731587845,0,
230-240C*,0,0176249531737423,513,150024,186,05311205663,824,858241568716,0,0972595844369968,274,799022834296,18,2957408333545,19,6905885737406,0,0105379087401744,18,5990557073402,5,43221355013895,218,188139006752,0,0,49,5967854862776,370,448091176164,244,445588474989,39,0792457986848,47,8363369986848,52,8610841087225,53,903179566081,0,428229417386915,24,3696198709298,0,0,28,843175057923,26,4062318601784,199,19225711554,1,4595333696248,3,78793344402562,39,8510971446495,48,6081883446495,25,5793765791737,0,0240822587886459,0,000130560834362259,0,0,021213230353765,0,0450767807775702,0,00205671250136948,58,1335772624701,1,9087738919701,1,57397402388534,1,36483953218869,6,76857206094418,0,0,0,0,0,0,0,0,0,0,0,0,0,0,0,0,0,0,0,0,0,0,0,0,0,0,0,0,0,0,0,0,0,0,0,0,0,0,0,0,0,0,0,0,0,0,0,0,0,0,0,0,0,0,0,0,0,0,0,0,0,0,0,0,0,0,0,0,0,0,0,0,0,0,0,0,0,0,0,0,0,0,0,0,0,0,0,0,0,0,0,0,0,0,0,0,26,4062318601784,28,843175057923,0,0,0,0,0,0,0,0,0,0,0,0,0,0,508,15,0,780701533939676,13,0326897124279,86,5437878885845,0,0,0,0,0,0,0,0,0,0,0,0,0,1,13488269586139E-06,0,0,0,0,4,3541465601939E-06,0,0,0,0,0,45935,5913847797,43055,1756007166,0,
240-250C*,0,0168348320801658,523,150024,194,133161516923,831,20587990965,0,107770111947611,277,677905426141,19,8198151702199,21,376055521451,0,0130032329376665,28,3847693258503,5,54414126575356,224,601071597922,0,0,49,966187822434,377,199597533784,250,407565786625,38,5065450669752,47,2636362669752,54,3484496814275,54,7943141652892,0,52841289503814,28,6714841675255,0,0,25,8317351483526,23,8296303132598,207,240446030204,1,46298414537592,3,59683158073947,39,3140514038171,48,0711426038171,24,9610401013144,0,0362502794693574,0,000147210041146421,0,0,0125952540633132,0,0556224100040149,0,00235974797721179,56,598013026285,2,13474321459961,1,74682872628449,1,50646034627244,7,29704254669163,0,0,0,0,0,0,0,0,0,0,0,0,0,0,0,0,0,0,0,0,0,0,0,0,0,0,0,0,0,0,0,0,0,0,0,0,0,0,0,0,0,0,0,0,0,0,0,0,0,0,0,0,0,0,0,0,0,0,0,0,0,0,0,0,0,0,0,0,0,0,0,0,0,0,0,0,0,0,0,0,0,0,0,0,0,0,0,0,0,0,0,0,0,0,0,0,23,8296303132598,25,8317351483526,0,0,0,0,0,0,0,0,0,0,0,0,0,0,518,15,0,84329655331158,12,8215483775442,86,7365816093949,0,0,0,0,0,0,0,0,0,0,0,0,0,1,30209601203298E-06,0,0,0,0,4,99568536247031E-06,0,0,0,0,0,45827,216561293,42968,1819258584,0,
250-260C*,0,0163648931842224,533,150024,202,386025887161,837,342931721485,0,118762742414867,280,570642533081,21,6102333427122,23,279519023443,0,0154685571351586,32,64361497948,5,66215016002968,230,831340614429,0,0,50,349267774821,383,944643372887,256,217844063811,37,9380560658475,46,6951472658475,55,4939648610373,55,5120750908667,0,628596372689364,32,9733484641212,0,0,22,8958017962505,21,2084058856903,215,851302787836,1,46628472516185,3,41126086512508,38,7770056629846,47,5340968629846,24,3779949341097,0,0569076198084,0,000164048154331879,0,0,00738824050957575,0,0661680392304597,0,00266278345305409,55,1428057318582,2,39550890461919,1,94364182671129,1,6651836230123,7,82974123773077,0,0,0,0,0,0,0,0,0,0,0,0,0,0,0,0,0,0,0,0,0,0,0,0,0,0,0,0,0,0,0,0,0,0,0,0,0,0,0,0,0,0,0,0,0,0,0,0,0,0,0,0,0,0,0,0,0,0,0,0,0,0,0,0,0,0,0,0,0,0,0,0,0,0,0,0,0,0,0,0,0,0,0,0,0,0,0,0,0,0,0,0,0,0,0,0,21,2084058856903,22,8958017962505,0,0,0,0,0,0,0,0,0,0,0,0,0,0,528,15,0,914649431741331,12,6179499631852,86,921356162927,0,0,0,0,0,0,0,0,0,0,0,0,0,1,46930932820457E-06,0,0,0,0,5,63722416474672E-06,0,0,0,0,0,45720,4296776346,42882,0667754006,0,
260-270C*,0,0153425927097696,543,150024,210,845574319978,843,384969111761,0,130181990656257,283,471614138973,23,4802219434759,25,2561712872996,0,0179338813326508,36,9024606331097,5,78510760213461,236,866901414102,0,0,50,7032043140543,377,071287725423,261,902231941616,37,3714673531511,46,1285585531511,56,5683866996075,56,1957002809218,0,728779850340589,37,2752127607168,0,0,19,9513913569166,18,5481284317786,224,83090714427,1,469499404869,3,2312336838066,38,2399599221521,46,9970511221521,23,8159253303602,0,0703801535241223,0,000181075173918633,0,0,00427979722025108,0,0767136684569044,0,0029658189288964,53,7332570059043,2,69753071380098,2,16826603233561,1,8431394248625,8,32040501921884,0,0,0,0,0,0,0,0,0,0,0,0,0,0,0,0,0,0,0,0,0,0,0,0,0,0,0,0,0,0,0,0,0,0,0,0,0,0,0,0,0,0,0,0,0,0,0,0,0,0,0,0,0,0,0,0,0,0,0,0,0,0,0,0,0,0,0,0,0,0,0,0,0,0,0,0,0,0,0,0,0,0,0,0,0,0,0,0,0,0,0,0,0,0,0,0,18,5481284317786,19,9513913569166,0,0,0,0,0,0,0,0,0,0,0,0,0,0,538,15,0,996350940920926,12,4169816823439,87,1026685076722,0,0,0,0,0,0,0,0,0,0,0,0,0,1,63652264437615E-06,0,0,0,0,6,27876296702313E-06,0,0,0,0,0,45613,5301957085,42795,5172880282,0,
270-280C*,0,0138700717800617,553,150024,219,50668522617,849,346893069365,0,141972371489272,286,379904692224,25,3967628789299,27,2575545843111,0,0203992055301429,41,1613062867394,5,91188096123565,242,70676583649,0,0,51,0268315803829,381,92947140677,267,454739264824,36,806480909108,45,563572109108,57,5960896712633,56,8880776098553,0,828963327991814,41,5770770573125,0,0,17,0071474498068,15,8543678058336,233,98533885534,1,47263511951132,3,05675809059807,37,7029141813197,46,4600053813197,23,272499125036,0,0924572164037488,0,000198291099906682,0,0,00244713928527653,0,0872592976833491,0,0032688544047387,52,3642140257753,3,04867895718792,2,42526404264706,2,04272004938091,8,7876467650974,0,0,0,0,0,0,0,0,0,0,0,0,0,0,0,0,0,0,0,0,0,0,0,0,0,0,0,0,0,0,0,0,0,0,0,0,0,0,0,0,0,0,0,0,0,0,0,0,0,0,0,0,0,0,0,0,0,0,0,0,0,0,0,0,0,0,0,0,0,0,0,0,0,0,0,0,0,0,0,0,0,0,0,0,0,0,0,0,0,0,0,0,0,0,0,0,15,8543678058336,17,0071474498068,0,0,0,0,0,0,0,0,0,0,0,0,0,0,548,15,1,09035970219882,12,2184388400872,87,2807047576328,0,0,0,0,0,0,0,0,0,0,0,0,0,1,80373596054774E-06,0,0,0,0,6,92030176929953E-06,0,0,0,0,0,45506,4761670166,42708,5401941413,0,
280-290C*,0,0127262604258858,563,150024,228,362341511622,855,243604583183,0,154078399731406,289,294646981729,27,3298024574964,29,2352111857678,0,022864529727635,45,4201519403691,6,04133760650007,248,350149315223,0,0,51,3186963134963,386,57928779754,272,868427986352,36,2427987139407,44,9998899139407,58,6031408422874,57,6320949520681,0,929146805643038,45,8789413539082,0,0,14,0670567002161,13,1326938621641,243,12067767688,1,47569902056495,2,88783761914226,37,1658684404872,45,9229596404872,22,7455072897923,0,116148299473824,0,000215695932296026,0,0,00138052215698748,0,0978049269097939,0,00357188988058101,51,030707175537,3,45858298111079,2,72005185422695,2,26660563850116,9,25187773238503,0,0,0,0,0,0,0,0,0,0,0,0,0,0,0,0,0,0,0,0,0,0,0,0,0,0,0,0,0,0,0,0,0,0,0,0,0,0,0,0,0,0,0,0,0,0,0,0,0,0,0,0,0,0,0,0,0,0,0,0,0,0,0,0,0,0,0,0,0,0,0,0,0,0,0,0,0,0,0,0,0,0,0,0,0,0,0,0,0,0,0,0,0,0,0,0,13,1326938621641,14,0670567002161,0,0,0,0,0,0,0,0,0,0,0,0,0,0,558,15,1,19910687564987,12,0220489757968,87,4557161400267,0,0,0,0,0,0,0,0,0,0,0,0,0,1,97094927671933E-06,0,0,0,0,7,56184057157594E-06,0,0,0,0,0,45487,8686175485,42704,3582877711,0,
290-300C*,0,0116289604128294,573,150024,237,412129046942,861,226768776688,0,166179357555633,292,209219576368,29,0575201618646,30,8486167138114,0,0253298539251271,49,6789975939988,6,17234490709519,253,780243562231,0,0,51,5243681626629,391,021760414127,278,132114497857,35,6773874651797,44,4344786651797,59,7814418561888,58,7627068311097,1,02933028329426,50,1808056505038,0,0,11,1610379819467,10,3886764550789,250,697317654851,1,47877874903762,2,724471096327,36,6288226996547,45,3859138996548,22,2180831944382,0,13948685607998,0,000233289671086666,0,0,000768003459251162,0,108350556136239,0,00387492535642331,49,6903228353808,3,95158479087839,3,06547359894368,2,52152220829628,9,71405601037775,0,0,0,0,0,0,0,0,0,0,0,0,0,0,0,0,0,0,0,0,0,0,0,0,0,0,0,0,0,0,0,0,0,0,0,0,0,0,0,0,0,0,0,0,0,0,0,0,0,0,0,0,0,0,0,0,0,0,0,0,0,0,0,0,0,0,0,0,0,0,0,0,0,0,0,0,0,0,0,0,0,0,0,0,0,0,0,0,0,0,0,0,0,0,0,0,10,3886764550789,11,1610379819467,0,0,0,0,0,0,0,0,0,0,0,0,0,0,568,15,1,32389865852098,11,82060768228,87,6328155728341,0,0,0,0,0,0,0,0,0,0,0,0,0,2,13816259289092E-06,0,0,0,0,8,20337937385235E-06,0,0,0,0,0,45382,2049700217,42618,5843172321,0,
300-310C*,0,0107807263960792,583,150024,246,65609230447,867,500224145895,0,177932526552816,295,115183285696,30,6894601712708,32,239391538472,0,0277951781226192,50,7052425640493,6,30377023218828,258,973265479714,0,0,51,5722206317981,395,258380814762,283,248980897875,35,1061703929046,43,8632615929046,61,0652941760301,60,1327230226412,1,12951376094549,51,217416731363,0,0,8,2452456526992,7,62788543888679,257,636082857136,1,48199397255845,2,5666524573687,36,0917769588223,44,8488681588223,21,6687298692438,0,159946142270901,0,000251072316278602,0,0,000421107916783318,0,118896185362683,0,0106865005707459,48,2880560934335,4,58184065001142,3,49400322743898,2,83104752009322,10,1751396883716,0,0,0,0,0,0,0,0,0,0,0,0,0,0,0,0,0,0,0,0,0,0,0,0,0,0,0,0,0,0,0,0,0,0,0,0,0,0,0,0,0,0,0,0,0,0,0,0,0,0,0,0,0,0,0,0,0,0,0,0,0,0,0,0,0,0,0,0,0,0,0,0,0,0,0,0,0,0,0,0,0,0,0,0,0,0,0,0,0,0,0,0,0,0,0,0,7,62788543888679,8,2452456526992,0,0,0,0,0,0,0,0,0,0,0,0,0,0,578,15,1,46350934530263,11,6046580748718,87,8221408343402,0,0,0,0,0,0,0,0,0,0,0,0,0,5,89675249650929E-06,0,0,0,0,2,26237695689799E-05,0,0,0,0,0,45273,5068052221,42530,5309168283,0,
310-320C*,0,0101023031654846,593,150024,256,060412880242,873,754826901078,0,189921072722202,298,025714885392,32,2000815597035,33,3537784916233,0,0302605023201113,56,4485159327411,6,43448095094665,263,966876386842,0,0,51,5868862322919,399,291076094282,288,196303869755,34,53533037291,43,29242157291,62,4993130343793,61,79033084048,1,22969723859671,57,0187029623647,0,0,5,30060540591717,4,85589066789663,263,416750919726,1,48516256354373,2,41437056354536,35,5547312179898,44,3118224179898,21,1310122337047,0,180347359655117,0,000269043867871834,0,0,000227456403777024,0,129441814589128,0,0214871807860726,46,9094111597992,5,36893762715988,4,02039873677782,3,2080517964182,10,6360868556625,0,0,0,0,0,0,0,0,0,0,0,0,0,0,0,0,0,0,0,0,0,0,0,0,0,0,0,0,0,0,0,0,0,0,0,0,0,0,0,0,0,0,0,0,0,0,0,0,0,0,0,0,0,0,0,0,0,0,0,0,0,0,0,0,0,0,0,0,0,0,0,0,0,0,0,0,0,0,0,0,0,0,0,0,0,0,0,0,0,0,0,0,0,0,0,0,4,85589066789663,5,30060540591717,0,0,0,0,0,0,0,0,0,0,0,0,0,0,588,15,1,62357711879169,11,3897405013556,88,0097366775006,0,0,0,0,0,0,0,0,0,0,0,0,0,1,18565086956596E-05,0,0,0,0,4,54892622306938E-05,0,0,0,0,0,45165,4573879333,42442,9684370367,0,
320-330C*,0,00953092872412259,603,150024,265,599887265823,879,95239905076,0,202144996063789,300,942250613715,33,7287805935845,34,3476770458866,0,0327258265176034,69,9963345816418,6,5618201301211,268,767545153569,0,0,51,5858529549848,403,122175907082,292,96897378086,33,9656309650254,42,7227221650254,63,9654645488494,63,5671287897379,1,32988071624794,70,7033682642846,0,0,2,30575485756611,2,08519416437552,264,252815295012,1,48826055834197,2,26760902366051,35,0176854771574,43,7747766771574,20,6085887868926,0,200690508232627,0,000287204325866361,0,0,000120956611860094,0,139987443815573,0,0322878610013994,45,5642187691727,6,36534535654532,4,67505212744008,3,67276653842601,11,0978556015466,0,0,0,0,0,0,0,0,0,0,0,0,0,0,0,0,0,0,0,0,0,0,0,0,0,0,0,0,0,0,0,0,0,0,0,0,0,0,0,0,0,0,0,0,0,0,0,0,0,0,0,0,0,0,0,0,0,0,0,0,0,0,0,0,0,0,0,0,0,0,0,0,0,0,0,0,0,0,0,0,0,0,0,0,0,0,0,0,0,0,0,0,0,0,0,0,2,08519416437552,2,30575485756611,0,0,0,0,0,0,0,0,0,0,0,0,0,0,598,15,1,80781617369782,11,1780926520433,88,1936497774258,0,0,0,0,0,0,0,0,0,0,0,0,0,1,781626489481E-05,0,0,0,0,6,83547548924078E-05,0,0,0,0,0,45058,6975459498,42356,4219039525,0,
330-340C*,0,00915484126717406,613,150024,275,241972720022,886,054762603467,0,214604296577579,303,866144580958,35,4320391295381,35,2440458674176,0,0351911507150955,176,099897758781,6,66690961066906,273,38216626787,0,0,51,5854849230004,406,754379347841,297,714703398721,33,3978357290803,42,1549269290803,64,5679608704619,64,7559541325824,1,43006419389916,177,87868460483,0,0,0,0,268,771314508399,1,49126372013942,2,12634602042223,34,4806397363249,43,2377309363249,20,1049088250556,0,220975588003431,0,000305553690262184,0,6,32888462072036E-05,0,150533073042018,0,0430885412167261,44,2619141224087,7,64573693996075,5,50041626005408,4,25328237293422,11,5614040153198,0,0,0,0,0,0,0,0,0,0,0,0,0,0,0,0,0,0,0,0,0,0,0,0,0,0,0,0,0,0,0,0,0,0,0,0,0,0,0,0,0,0,0,0,0,0,0,0,0,0,0,0,0,0,0,0,0,0,0,0,0,0,0,0,0,0,0,0,0,0,0,0,0,0,0,0,0,0,0,0,0,0,0,0,0,0,0,0,0,0,0,0,0,0,0,0,0,0,0,0,0,0,0,0,0,0,0,0,0,0,0,0,608,15,2,02076395399379,10,9719039833269,88,3719753770545,0,0,0,0,0,0,0,0,0,0,0,0,0,2,37760210939603E-05,0,0,0,0,9,12202475541217E-05,0,0,0,0,0,44953,8537805371,42271,4036148158,0,
340-350C*,0,00890404079279395,623,150024,284,945433229667,892,023739567725,0,227298974263571,306,798675619906,36,2824834491727,36,0658436223721,0,0376564749125876,217,12923958746,6,76869453311473,277,818017705926,0,0540026906074741,0,51,6011227751019,410,190721987614,302,704262585175,32,8327082249042,41,5897994249042,63,7175165508273,63,9341563776279,1,53024767155039,282,998926531519,0,0,0,0,273,289813721786,1,49414763147533,1,990554143029,33,9435939954924,42,7006851954924,19,6232298916618,0,241202598967529,0,000324091961059302,0,3,25624266988254E-05,0,161078702268462,0,0538892214320529,43,0115587696478,9,31842960864157,6,55687883148957,4,98933826756488,12,0276901862781,0,0,0,0,0,0,0,0,0,0,0,0,0,0,0,0,0,0,0,0,0,0,0,0,0,0,0,0,0,0,0,0,0,0,0,0,0,0,0,0,0,0,0,0,0,0,0,0,0,0,0,0,0,0,0,0,0,0,0,0,0,0,0,0,0,0,0,0,0,0,0,0,0,0,0,0,0,0,0,0,0,0,0,0,0,0,0,0,0,0,0,0,0,0,0,0,0,0,0,0,0,0,0,0,0,0,0,0,0,0,0,0,618,15,2,26799541714565,10,7717403081869,88,5300518242274,0,0,105365729914607,0,0,0,0,0,0,0,0,0,0,0,2,97357772931107E-05,0,0,0,0,0,000114085740215836,0,0,0540026906074741,0,0,0,44851,5369797202,42188,4116146673,0,
350-360C*,0,00907890297866534,633,150024,294,658341598408,897,821151952058,0,240229029121765,309,741054856952,37,0938225907726,36,8360289769057,0,0401217991100797,252,532204430195,6,8671748974581,282,082721304975,0,0629640114135979,0,51,6471937529647,413,434543330691,307,409595822799,32,2710120123266,41,0281032123266,62,9061774092274,63,1639710230943,1,63043114920161,386,064094044353,0,0,0,0,277,808312935174,1,49688780778881,1,86020022736592,33,40654825466,42,16363945466,19,1666370631278,0,261371541124922,0,000342819138257716,0,1,64630325732032E-05,0,171624331494907,0,0646899016473796,41,8218671693311,11,5438317351089,7,93205769642708,5,93831724820469,12,4976722037176,0,0,0,0,0,0,0,0,0,0,0,0,0,0,0,0,0,0,0,0,0,0,0,0,0,0,0,0,0,0,0,0,0,0,0,0,0,0,0,0,0,0,0,0,0,0,0,0,0,0,0,0,0,0,0,0,0,0,0,0,0,0,0,0,0,0,0,0,0,0,0,0,0,0,0,0,0,0,0,0,0,0,0,0,0,0,0,0,0,0,0,0,0,0,0,0,0,0,0,0,0,0,0,0,0,0,0,0,0,0,0,0,628,15,2,55640094618962,10,58126569807,88,6788836074205,0,0,113448462002043,0,0,0,0,0,0,0,0,0,0,0,3,5695533492261E-05,0,0,0,0,0,00013695123287755,0,0,0629640114135979,0,0,0,44752,3417650588,42107,9288208545,0,
360-370C*,0,00835784883317656,643,150024,304,316442787214,903,408821764992,0,25339446115216,312,694433884577,37,8812289481946,37,5775605971742,0,0425871233075718,286,987634381974,6,96235070369918,286,184205660032,0,0719253322197216,0,51,7373295208962,416,489454925612,311,823030156668,31,713510651177,40,470601851177,62,1187710518054,62,4224394028258,1,73061462685284,487,074187143331,0,0,0,0,282,326812148561,1,49051000926957,1,73524520532905,32,8695025138275,41,6265937138275,18,7380637663995,0,281482414475608,0,000361735221857425,0,8,17339486242815E-06,0,182169960721352,0,0754905818627064,40,7012375224742,14,5649134032947,9,75585983359946,7,18497230632166,12,9723081569342,0,0,0,0,0,0,0,0,0,0,0,0,0,0,0,0,0,0,0,0,0,0,0,0,0,0,0,0,0,0,0,0,0,0,0,0,0,0,0,0,0,0,0,0,0,0,0,0,0,0,0,0,0,0,0,0,0,0,0,0,0,0,0,0,0,0,0,0,0,0,0,0,0,0,0,0,0,0,0,0,0,0,0,0,0,0,0,0,0,0,0,0,0,0,0,0,0,0,0,0,0,0,0,0,0,0,0,0,0,0,0,0,638,15,2,89454911160746,10,4024409837963,88,8167950013872,0,0,121286842912288,0,0,0,0,0,0,0,0,0,0,0,4,16552896914113E-05,0,0,0,0,0,000159816725539264,0,0,0719253322197216,0,0,0,44656,846445867,42030,4227700298,0,
370-380C*,0,00695818318670568,653,150024,313,841173561013,908,748571015052,0,266795270354758,315,659913443141,38,70287140589,38,3840324861034,0,045052447505064,319,71325113711,7,05422195183796,290,130671551113,0,0808866530258454,0,51,8844902153519,419,359309332442,315,938291445503,31,1609677012848,39,9180589012848,61,29712859411,61,6159675138966,1,83079810450406,586,029205828453,0,0,0,0,288,478403054855,1,49382447640931,1,61564396491305,32,332456772995,41,089547972995,18,340313893914,0,301535219019589,0,00038084021185843,0,3,98175321496617E-06,0,192715589947797,0,0862912620780331,39,6577865240233,18,75887069762,12,225508266997,8,85763824101668,13,4646903656691,0,0,0,0,0,0,0,0,0,0,0,0,0,0,0,0,0,0,0,0,0,0,0,0,0,0,0,0,0,0,0,0,0,0,0,0,0,0,0,0,0,0,0,0,0,0,0,0,0,0,0,0,0,0,0,0,0,0,0,0,0,0,0,0,0,0,0,0,0,0,0,0,0,0,0,0,0,0,0,0,0,0,0,0,0,0,0,0,0,0,0,0,0,0,0,0,0,0,0,0,0,0,0,0,0,0,0,0,0,0,0,0,648,15,3,2931633034283,10,2371374485821,88,9421995984654,0,0,128931342419436,0,0,0,0,0,0,0,0,0,0,0,4,76150458905617E-05,0,0,0,0,0,000182682218200978,0,0,0808866530258454,0,0,0,44565,6135422768,41956,3459482561,0,
380-390C*,0,00605408075124873,663,150024,323,171643133865,913,732060722191,0,278585618171845,318,64119476445,39,6436517773324,39,3982343544548,0,0475177717025561,348,895837016984,7,14278864187445,293,93973838353,0,0898479738319692,0,52,125176836949,422,048170118079,319,763105715629,30,6155499422511,39,3726411422511,60,3563482226676,60,6017656455452,1,93098158215528,682,501057165373,0,0,0,0,291,091903940969,1,4970222691532,1,50134522281533,31,7954110321626,40,5525022321626,17,9828155144615,0,319858062451035,0,000400134108260731,0,1,90189923734545E-06,0,203261219174241,0,0970919422933599,38,7171226832122,24,6292647787661,15,5915196473749,11,1129072355718,13,962598970436,0,0,0,0,0,0,0,0,0,0,0,0,0,0,0,0,0,0,0,0,0,0,0,0,0,0,0,0,0,0,0,0,0,0,0,0,0,0,0,0,0,0,0,0,0,0,0,0,0,0,0,0,0,0,0,0,0,0,0,0,0,0,0,0,0,0,0,0,0,0,0,0,0,0,0,0,0,0,0,0,0,0,0,0,0,0,0,0,0,0,0,0,0,0,0,0,0,0,0,0,0,0,0,0,0,0,0,0,0,0,0,0,658,15,3,76640015652119,10,0906825051354,89,0523257685219,0,0,136418064633086,0,0,0,0,0,0,0,0,0,0,0,5,3574802089712E-05,0,0,0,0,0,000205547710862692,0,0,0898479738319692,0,0,0,44481,0054889415,41887,6905485304,0,
390-400C*,0,00530358825985266,673,150024,333,21784923401,917,657391707791,0,266541180034101,321,663990369051,40,5701044914415,40,4078007449751,0,0499830959000482,364,428160284233,7,22805077380865,297,707881527651,0,098809294638093,0,52,696855266411,424,56028302246,323,656216657827,30,0912953576482,38,8483865576482,59,4298955085585,59,5921992550249,2,03116505980651,773,346598973908,0,0,0,0,292,362904713981,1,49962606662798,1,39229141142832,31,2583652913301,40,0154564913301,17,7310655829367,0,319858062451035,0,000419616911064328,0,8,89990331363295E-07,0,213806848400686,0,107892622508687,38,05311319731,31,6171701980626,19,4703639118249,13,6062930391173,14,465251890737,0,0,0,0,0,0,0,0,0,0,0,0,0,0,0,0,0,0,0,0,0,0,0,0,0,0,0,0,0,0,0,0,0,0,0,0,0,0,0,0,0,0,0,0,0,0,0,0,0,0,0,0,0,0,0,0,0,0,0,0,0,0,0,0,0,0,0,0,0,0,0,0,0,0,0,0,0,0,0,0,0,0,0,0,0,0,0,0,0,0,0,0,0,0,0,0,0,0,0,0,0,0,0,0,0,0,0,0,0,0,0,0,668,15,4,34544119986848,9,9959957066018,89,1157998224399,0,0,143773856003327,0,0,0,0,0,0,0,0,0,0,0,5,95345582888623E-05,0,0,0,0,0,000228413203524405,0,0,098809294638093,0,0,0,44420,9967855618,41839,8444188658,0,
400-410C*,0,00520133355707181,683,150024,347,057595423935,921,333102652577,0,256595938649954,324,697284224562,41,4786144017723,41,4068629745714,0,0524484200975403,379,290993841682,7,31000834764055,301,333681876783,0,107770615444217,0,53,3197799329116,426,900048411183,328,655000658266,29,5720331738615,38,3291243738615,58,5213855982277,58,5931370254286,2,13134853745773,823,826973696106,0,0,0,0,293,633905486992,1,50214261322173,1,28841858220791,30,7213195504976,39,4784107504977,17,5060576219245,0,319858062451035,0,00043928862026922,0,4,07653247615336E-07,0,224352477627131,0,118693302724013,37,4585220283646,41,3536990865654,24,7128021401463,16,9018402447253,14,9726491265721,0,0,0,0,0,0,0,0,0,0,0,0,0,0,0,0,0,0,0,0,0,0,0,0,0,0,0,0,0,0,0,0,0,0,0,0,0,0,0,0,0,0,0,0,0,0,0,0,0,0,0,0,0,0,0,0,0,0,0,0,0,0,0,0,0,0,0,0,0,0,0,0,0,0,0,0,0,0,0,0,0,0,0,0,0,0,0,0,0,0,0,0,0,0,0,0,0,0,0,0,0,0,0,0,0,0,0,0,0,0,0,0,678,15,5,05744192599291,9,91405399579899,89,1672256971049,0,0,15101929506831,0,0,0,0,0,0,0,0,0,0,0,6,54943144880127E-05,0,0,0,0,0,000251278696186119,0,0,107770615444217,0,0,0,44364,9927677611,41795,2079271083,0,
410-420C*,0,00477453173188595,693,150024,360,888796775194,924,791880724195,0,248387996824408,327,73963859796,42,3658279625934,42,3895523601503,0,0549137442950324,395,146740552498,7,38866136337016,304,816174393521,0,116731936250341,0,53,983229361509,429,07199510456,333,280027781751,29,0571096475382,37,8142008475382,57,6341720374066,57,6104476398497,2,23153201510896,909,686169941234,0,0,0,0,294,904906260003,1,50458654659461,1,18965632751904,30,1842738096652,38,9413650096652,17,3041293247783,0,319858062451035,0,000459149235875407,0,1,82602213192908E-07,0,234898106853576,0,12949398293934,36,9240230646959,55,2107150147607,31,9334211937382,21,3331102317489,15,4847906779413,0,0,0,0,0,0,0,0,0,0,0,0,0,0,0,0,0,0,0,0,0,0,0,0,0,0,0,0,0,0,0,0,0,0,0,0,0,0,0,0,0,0,0,0,0,0,0,0,0,0,0,0,0,0,0,0,0,0,0,0,0,0,0,0,0,0,0,0,0,0,0,0,0,0,0,0,0,0,0,0,0,0,0,0,0,0,0,0,0,0,0,0,0,0,0,0,0,0,0,0,0,0,0,0,0,0,0,0,0,0,0,0,688,15,5,94273581136299,9,84317540238913,89,2081448275133,0,0,158170547259638,0,0,0,0,0,0,0,0,0,0,0,7,1454070687163E-05,0,0,0,0,0,000274144188847833,0,0,116731936250341,0,0,0,44312,4642357799,41753,3573975795,0,
420-430C*,0,00438089986953246,703,150024,374,706526645647,928,066413090293,0,241917354557463,330,789669291119,43,2286395557856,43,3500002186187,0,0573790684925245,413,657803279847,7,46400982099748,308,154272746807,0,125693257056464,0,54,676741376653,431,080755649549,337,563663152481,28,5458710353253,37,3029622353253,56,7713604442144,56,6499997813813,2,33171549276018,1012,50018102278,0,0,0,0,296,175907033015,1,50697405791588,1,09592772316663,29,6472280688327,38,4043192688327,17,1217547531477,0,319858062451035,0,00047919875788289,0,7,99114963384254E-08,0,24544373608002,0,140294663154667,36,4405533996212,75,3916243398381,42,0852803477908,27,4039986720485,16,0016765448446,0,0,0,0,0,0,0,0,0,0,0,0,0,0,0,0,0,0,0,0,0,0,0,0,0,0,0,0,0,0,0,0,0,0,0,0,0,0,0,0,0,0,0,0,0,0,0,0,0,0,0,0,0,0,0,0,0,0,0,0,0,0,0,0,0,0,0,0,0,0,0,0,0,0,0,0,0,0,0,0,0,0,0,0,0,0,0,0,0,0,0,0,0,0,0,0,0,0,0,0,0,0,0,0,0,0,0,0,0,0,0,0,698,15,7,05692257771742,9,78170912736854,89,2400662442328,0,0,165240570373857,0,0,0,0,0,0,0,0,0,0,0,7,74138268863134E-05,0,0,0,0,0,000297009681509547,0,0,125693257056464,0,0,0,44262,8888527767,41713,8749184264,0,
430-440C*,0,004017845156429,713,150024,388,506148529475,931,189386918516,0,23722543462915,333,846038717909,44,0641740195896,44,2823378668836,0,0598443926900166,436,654969747418,7,5342805446026,311,346774941045,0,134936973927549,0,55,3900553939008,432,931043079548,341,534981743378,28,0376635938699,36,7947547938699,55,9358259804104,55,7176621331164,2,43189897041141,1137,94713205984,0,0,0,0,298,919345625024,1,50932271025586,1,00714929391811,29,1101823280003,37,8672735280003,16,9555267024297,0,319858062451035,0,000499437186291669,0,3,41314212017786E-08,0,255989365306465,0,208106442296891,35,9992850357402,105,527866438189,56,6813349072383,35,8923706897925,16,5233067272819,0,0,0,0,0,0,0,0,0,0,0,0,0,0,0,0,0,0,0,0,0,0,0,0,0,0,0,0,0,0,0,0,0,0,0,0,0,0,0,0,0,0,0,0,0,0,0,0,0,0,0,0,0,0,0,0,0,0,0,0,0,0,0,0,0,0,0,0,0,0,0,0,0,0,0,0,0,0,0,0,0,0,0,0,0,0,0,0,0,0,0,0,0,0,0,0,0,0,0,0,0,0,0,0,0,0,0,0,0,0,0,0,708,15,8,47781516563499,9,72803802808505,89,2644643278927,0,0,172459449384583,0,0,0,0,0,0,0,0,0,0,0,0,000114831995285077,0,0,0,0,0,000440570059878494,0,0,134936973927549,0,0,0,44215,7508147023,41676,3481767614,0,
440-450C*,0,00368303554803936,723,150024,402,283261224862,934,193489376513,0,234187968699376,336,907450223173,44,8669307320261,45,1721763521434,0,0623097168875087,462,791977313327,7,53120592461097,314,392369504776,0,156687575570926,0,56,1130686578189,434,62762918757,345,219755971383,27,531833579819,36,288924779819,55,1330692679739,54,8278236478566,2,53208244806263,1293,32190864106,0,0,0,0,299,752109352534,1,51165128820931,0,923231004410816,28,5731365871678,37,3302277871678,16,8021422306117,0,319858062451035,0,000519864521101744,0,1,4212435536791E-08,0,26653499453291,0,337680245276586,35,5916013431185,151,773318634159,78,1848075104904,48,0273768287367,16,9947101857062,0,0,0,0,0,0,0,0,0,0,0,0,0,0,0,0,0,0,0,0,0,0,0,0,0,0,0,0,0,0,0,0,0,0,0,0,0,0,0,0,0,0,0,0,0,0,0,0,0,0,0,0,0,0,0,0,0,0,0,0,0,0,0,0,0,0,0,0,0,0,0,0,0,0,0,0,0,0,0,0,0,0,0,0,0,0,0,0,0,0,0,0,0,0,0,0,0,0,0,0,0,0,0,0,0,0,0,0,0,0,0,0,718,15,10,3160981986698,9,68057995337154,89,2827776697745,0,0,189200636871006,0,0,0,0,0,0,0,0,0,0,0,0,000186330110233419,0,0,0,0,0,000714883231096938,0,0,156687575570926,0,0,0,44170,5405097969,41640,3702501996,0,
450-460C*,0,00337435692679506,733,150024,416,033707923722,937,111407631929,0,232995100539275,339,972643537773,45,6106843942181,45,9420452706979,0,0647750410850008,502,942719935189,7,52955497562304,317,289642202659,0,188840403441504,0,56,8358052070284,436,175324321093,348,638277432159,27,0277272498198,35,7848184498198,54,3893156057819,54,0579547293021,2,63226592571386,1479,54674609296,0,0,0,0,300,426082650296,1,51397968009242,0,8440762779087,28,0360908463353,36,7931820463353,16,6583910810136,0,320034374270726,0,000540433662599806,0,5,76302027866878E-09,0,277080623759354,0,467254048256282,35,2090780313269,224,874657535119,110,716971154256,65,800848185159,16,9384355655599,0,0,0,0,0,0,0,0,0,0,0,0,0,0,0,0,0,0,0,0,0,0,0,0,0,0,0,0,0,0,0,0,0,0,0,0,0,0,0,0,0,0,0,0,0,0,0,0,0,0,0,0,0,0,0,0,0,0,0,0,0,0,0,0,0,0,0,0,0,0,0,0,0,0,0,0,0,0,0,0,0,0,0,0,0,0,0,0,0,0,0,0,0,0,0,0,0,0,0,0,0,0,0,0,0,0,0,0,0,0,0,0,728,15,12,7319885721859,9,63778837513205,89,2964085954912,0,0,2134691847475,0,0,0,0,0,0,0,0,0,0,0,0,000257828225181762,0,0,0,0,0,000989196402315382,0,0,188840403441504,0,0,0,44126,6769589933,41605,4665655513,0,
460-480C*,0,00593235034259468,753,150024,435,217231347364,941,897551342664,0,236641732289715,344,557139460663,46,6627013750849,47,013478258736,0,068473027381239,631,040300588095,7,61705112923386,322,761825169286,0,762390038692398,0,57,7333248063826,438,019598392475,353,023088564779,26,2633824282686,35,0204736282686,53,3372986249151,52,986521741264,2,78254114219069,1890,42908649625,0,0,0,0,301,830617783666,1,51787611090078,0,699638827753997,27,2305222350866,35,9876134350867,16,4089007092629,0,331441324180668,0,000568449181437424,0,8,70669017649523E-10,0,292899067599022,0,661614752725824,34,5441612003131,356,613831038832,167,508381451072,96,0769561125953,16,8540236353405,0,0,0,0,0,0,0,0,0,0,0,0,0,0,0,0,0,0,0,0,0,0,0,0,0,0,0,0,0,0,0,0,0,0,0,0,0,0,0,0,0,0,0,0,0,0,0,0,0,0,0,0,0,0,0,0,0,0,0,0,0,0,0,0,0,0,0,0,0,0,0,0,0,0,0,0,0,0,0,0,0,0,0,0,0,0,0,0,0,0,0,0,0,0,0,0,0,0,0,0,0,0,0,0,0,0,0,0,0,0,0,0,743,15,16,6140435928296,9,55517440588153,88,8446331156596,0,0,626628180886757,0,0,0,0,0,0,0,0,0,0,0,0,000365075397604276,0,0,0,0,0,00140066615914305,0,0,762390038692398,0,0,0,44050,1436217563,41543,8810505042,0,
480-500C*,0,00499766302060159,773,150024,459,274331039993,948,901871721735,0,241503907956968,350,650714351551,47,9482527905035,48,2934259723745,0,0734036757762232,828,905379821619,7,73371266738162,327,317937523105,1,39100812886309,0,58,6395789705913,440,323947877575,357,955566266979,25,2318000909053,33,9888912909053,52,0517472094965,51,7065740276255,2,98290809749314,2472,61476737415,0,0,0,0,304,232577248538,1,52374793138852,0,572936211814186,26,1564307534217,34,9135219534217,16,0276286546163,0,342363873392076,0,000605803206554249,0,1,1643634649436E-10,0,313990326051911,0,920762358685215,33,5255318667215,575,044177820654,259,561647351574,144,186861121773,16,7414743950478,0,0,0,0,0,0,0,0,0,0,0,0,0,0,0,0,0,0,0,0,0,0,0,0,0,0,0,0,0,0,0,0,0,0,0,0,0,0,0,0,0,0,0,0,0,0,0,0,0,0,0,0,0,0,0,0,0,0,0,0,0,0,0,0,0,0,0,0,0,0,0,0,0,0,0,0,0,0,0,0,0,0,0,0,0,0,0,0,0,0,0,0,0,0,0,0,0,0,0,0,0,0,0,0,0,0,0,0,0,0,0,0,763,15,22,5524328891615,9,42246759003364,88,9042396041535,0,1,0900032067103,0,0,0,0,0,0,0,0,0,0,0,0,000508071627500962,0,0,0,0,0,00194929250157994,0,1,39100812886309,0,0,0,43941,3212775779,41456,7305231025,0,
500-520C*,0,00415371288718113,793,150024,488,315899459982,956,206082276872,0,246366083624221,356,737583893583,49,1006937633628,49,4132822484062,0,167126916441479,939,857869061665,7,75758240691192,331,245374447932,2,84116768641485,0,59,361743939983,442,116291793548,363,165894149137,24,1942199500207,32,9513111500207,50,8993062366372,50,5867177515938,7,2626821415729,2838,05435958658,0,0,0,0,306,681948433088,1,53011664394548,0,462969824847525,25,0823392717568,33,8394304717568,15,629276207917,0,379829064562866,0,000643157231671073,0,1,36162812895303E-11,0,764637279218517,1,1799099646446,32,4580396518752,957,282072464841,414,650513558374,222,737043832736,16,6289251547552,0,0,0,0,0,0,0,0,0,0,0,0,0,0,0,0,0,0,0,0,0,0,0,0,0,0,0,0,0,0,0,0,0,0,0,0,0,0,0,0,0,0,0,0,0,0,0,0,0,0,0,0,0,0,0,0,0,0,0,0,0,0,0,0,0,0,0,0,0,0,0,0,0,0,0,0,0,0,0,0,0,0,0,0,0,0,0,0,0,0,0,0,0,0,0,0,0,0,0,0,0,0,0,0,0,0,0,0,0,0,0,0,783,15,31,3290312173965,9,28142947257048,88,9674250668762,0,2,23150104268769,0,0,0,0,0,0,0,0,0,0,0,0,000651067857397647,0,0,0,0,0,00249791884401683,0,2,84116768641485,0,0,0,43817,354557864,41355,9272969991,0,
520-540C*,0,00346841189121949,813,150024,513,918615760013,963,887877050676,0,251228259291474,362,815507075954,50,1192293087667,50,3837063232029,0,307120291506662,1017,2152546536,7,77570524129514,334,556161330033,4,67837417937007,0,59,8868445487382,443,434260082625,367,194360054321,23,1490881247627,31,9061793247627,49,8807706912333,49,6162936767971,13,2163842575947,3107,05570260391,0,0,0,0,309,223853147981,1,53706093033306,0,368650173084783,24,0082477900919,32,7653389900919,15,2081348901648,0,422381470707076,0,000680511256787898,0,1,37320032233685E-12,1,39148142306585,1,43905757060399,31,3258892693965,1647,91558096058,684,1143602141,354,819474310938,16,5163759144626,0,0,0,0,0,0,0,0,0,0,0,0,0,0,0,0,0,0,0,0,0,0,0,0,0,0,0,0,0,0,0,0,0,0,0,0,0,0,0,0,0,0,0,0,0,0,0,0,0,0,0,0,0,0,0,0,0,0,0,0,0,0,0,0,0,0,0,0,0,0,0,0,0,0,0,0,0,0,0,0,0,0,0,0,0,0,0,0,0,0,0,0,0,0,0,0,0,0,0,0,0,0,0,0,0,0,0,0,0,0,0,0,803,15,44,6303982968252,9,12947679437238,89,036027319975,0,3,7940190369719,0,0,0,0,0,0,0,0,0,0,0,0,000794064087294332,0,0,0,0,0,00304654518645371,0,4,67837417937007,0,0,0,43686,6423690614,41249,5613706773,0,
540-560C*,0,00293059488804567,833,150024,539,404511926869,972,024950085751,0,254208866940478,368,882415559273,50,9091534625703,51,1394894719366,0,472301665570459,1141,04110175772,7,86199037855829,337,262400242323,6,63359400198194,0,60,202817656754,444,314445340833,370,742585208307,22,0948507342793,30,8519419342793,49,0908465374297,48,8605105280634,19,5102007461154,3466,83467250883,0,0,0,0,311,903413203886,1,54466991397206,0,288806715618069,22,934156308427,31,691247508427,14,7589360645704,0,453290387269958,0,000717865281904723,0,1,17550415132813E-13,2,05402209133902,1,69820517656339,30,1142462032082,2938,3793485853,1167,74527732922,583,928571355264,15,5778729262182,0,0,0,0,0,0,0,0,0,0,0,0,0,0,0,0,0,0,0,0,0,0,0,0,0,0,0,0,0,0,0,0,0,0,0,0,0,0,0,0,0,0,0,0,0,0,0,0,0,0,0,0,0,0,0,0,0,0,0,0,0,0,0,0,0,0,0,0,0,0,0,0,0,0,0,0,0,0,0,0,0,0,0,0,0,0,0,0,0,0,0,0,0,0,0,0,0,0,0,0,0,0,0,0,0,0,0,0,0,0,0,0,823,15,65,338797606451,8,96417834650087,89,1117175519371,0,5,56179387096488,0,0,0,0,0,0,0,0,0,0,0,0,000937060317191018,0,0,0,0,0,0035951715288906,0,6,63359400198194,0,0,0,43555,4685117343,41143,7382266828,0,
560-580C*,0,00254337303129025,853,150024,564,933733066697,980,694995424701,0,252518332257034,374,936423534166,51,4145156631163,51,6596309547917,0,64468242825594,1264,86694886184,7,94827551582145,339,376243914089,8,77263962185813,0,60,298805259367,444,792138347168,373,892203133637,21,0299538977185,29,7870450977185,48,5854843368837,48,3403690452083,25,7075070503789,3826,61364241375,0,0,0,0,314,765750411469,1,55304513364152,0,222200775091261,21,860064826762,30,617156026762,14,2768760491529,0,48419930383284,0,000755219307021548,0,8,38721298380265E-15,2,70633869498892,2,56783437524962,28,8092964587831,5436,01729216531,2065,89714073854,994,574700876205,14,5178246011959,0,0,0,0,0,0,0,0,0,0,0,0,0,0,0,0,0,0,0,0,0,0,0,0,0,0,0,0,0,0,0,0,0,0,0,0,0,0,0,0,0,0,0,0,0,0,0,0,0,0,0,0,0,0,0,0,0,0,0,0,0,0,0,0,0,0,0,0,0,0,0,0,0,0,0,0,0,0,0,0,0,0,0,0,0,0,0,0,0,0,0,0,0,0,0,0,0,0,0,0,0,0,0,0,0,0,0,0,0,0,0,0,843,15,98,5184134657375,8,78326441106989,89,1959912158535,0,7,58760878601254,0,0,0,0,0,0,0,0,0,0,0,0,00141691694700566,0,0,0,0,0,00543621298781233,0,8,77263962185813,0,0,0,43417,8713811648,41033,002696967,0,
580-600C*,0,00218926332434868,873,150024,590,674738505516,989,97570711013,0,250827797573591,380,97583894518,52,2874241246685,52,5561806789525,0,812545239476963,1388,69279596596,8,03456065308461,340,909883435847,11,0994702790254,0,60,1654373730746,444,901129982781,376,740523119141,19,952843734228,28,709934934228,47,7125758753315,47,4438193210475,31,5238966312322,4186,39261231868,0,0,0,0,317,855986581398,1,56230303358552,0,167541627730274,20,7859733450971,29,5430645450971,13,7576447071686,0,515108220395722,0,000792573332138372,0,4,8841076376234E-16,3,3185196873441,4,28050958293958,27,3983159298279,10451,445266177,3794,70794273653,1756,41213320611,13,478368295302,0,0,0,0,0,0,0,0,0,0,0,0,0,0,0,0,0,0,0,0,0,0,0,0,0,0,0,0,0,0,0,0,0,0,0,0,0,0,0,0,0,0,0,0,0,0,0,0,0,0,0,0,0,0,0,0,0,0,0,0,0,0,0,0,0,0,0,0,0,0,0,0,0,0,0,0,0,0,0,0,0,0,0,0,0,0,0,0,0,0,0,0,0,0,0,0,0,0,0,0,0,0,0,0,0,0,0,0,0,0,0,0,863,15,153,33223856909,8,58464141390606,89,290153557642,0,9,87350053853721,0,0,0,0,0,0,0,0,0,0,0,0,00236196174813559,0,0,0,0,0,00906201817902265,0,11,0994702790254,0,0,0,43273,0081707845,40916,7307941396,0,
600-625C*,0,00230247728199106,898,150024,620,096040962234,1001,24318306132,0,248925946054717,387,750896225361,52,7821948129268,53,0886246249436,0,981401076707715,1421,37730753738,8,03937404273408,342,220457424861,13,9465462885322,0,59,7318438224082,444,642476882759,379,599937733669,18,7245612941995,27,4816524941995,47,2178051870732,46,9113753750564,37,2579009186041,4319,01550992368,0,0,0,0,321,661094692989,1,57394150884864,0,114000181889301,19,5776204282241,28,3347116282241,13,1243850327438,0,549880751528965,0,0008345966103948,0,1,01130060428898E-17,3,9220053250026,6,20726919159079,25,6698799456539,22879,5052433211,7883,26989878972,3485,32915508182,12,3335938490359,0,0,0,0,0,0,0,0,0,0,0,0,0,0,0,0,0,0,0,0,0,0,0,0,0,0,0,0,0,0,0,0,0,0,0,0,0,0,0,0,0,0,0,0,0,0,0,0,0,0,0,0,0,0,0,0,0,0,0,0,0,0,0,0,0,0,0,0,0,0,0,0,0,0,0,0,0,0,0,0,0,0,0,0,0,0,0,0,0,0,0,0,0,0,0,0,0,0,0,0,0,0,0,0,0,0,0,0,0,0,0,0,885,65,262,683233570361,8,33692847491147,89,1138534969758,0,12,757860306705,0,0,0,0,0,0,0,0,0,0,0,0,00342513714940675,0,0,0,0,0,0131410490191343,0,13,9465462885322,0,0,0,43100,3905958733,40778,61370039,0,
625-650C*,0,00188907537383892,923,150024,653,627221350667,1014,91893401432,0,246812777700413,395,252717152688,53,1431867699068,53,5051359264312,1,12462766492992,1656,17162738997,8,21886444247505,342,495736774376,17,4014409849173,0,58,8890391703514,443,902909838266,382,433823675905,17,3366763629122,26,0937675629122,46,8568132300932,46,4948640735688,42,1489006262803,4971,09661363796,0,0,0,0,326,372398440357,1,5886589538954,0,0744549568937233,18,2350060761429,26,9920972761429,12,3544817203818,0,588516897232567,0,000881289141790831,0,1,38605125770891E-19,4,43676872818934,8,34811320120325,23,5572500234048,58165,707498763,18888,12736239,7920,68025067505,11,0921885204674,0,0,0,0,0,0,0,0,0,0,0,0,0,0,0,0,0,0,0,0,0,0,0,0,0,0,0,0,0,0,0,0,0,0,0,0,0,0,0,0,0,0,0,0,0,0,0,0,0,0,0,0,0,0,0,0,0,0,0,0,0,0,0,0,0,0,0,0,0,0,0,0,0,0,0,0,0,0,0,0,0,0,0,0,0,0,0,0,0,0,0,0,0,0,0,0,0,0,0,0,0,0,0,0,0,0,0,0,0,0,0,0,910,65,504,397031529741,8,03057050842849,89,2471332228854,0,16,3521065514739,0,0,0,0,0,0,0,0,0,0,0,0,00460644315081915,0,0,0,0,0,0176733055081472,0,17,4014409849173,0,0,0,42895,4660655828,40615,2748206795,0,
650-675C*,0,00153214506198148,948,150024,691,726544793965,1029,37668117837,0,233728471750355,402,742567269573,53,268859555136,53,7009503031315,1,20199631179367,1949,51364348567,8,43895134017078,342,018209666327,20,954733289421,0,57,8213657800866,442,743732994451,385,184748825545,15,9331515074039,24,6902427074039,46,731140444864,46,2990496968685,45,0324533507198,5791,4014827568,0,0,0,0,329,572168602433,1,60502926704981,0,0463539579261727,16,8923917240618,25,6494829240618,12,1477267287544,0,804137003602593,0,000927981673186862,0,1,17292580372822E-21,4,74029389676324,10,4889572108157,22,9878101741865,158420,512787084,48438,2795933736,19228,0024875312,9,88295822178707,0,0,0,0,0,0,0,0,0,0,0,0,0,0,0,0,0,0,0,0,0,0,0,0,0,0,0,0,0,0,0,0,0,0,0,0,0,0,0,0,0,0,0,0,0,0,0,0,0,0,0,0,0,0,0,0,0,0,0,0,0,0,0,0,0,0,0,0,0,0,0,0,0,0,0,0,0,0,0,0,0,0,0,0,0,0,0,0,0,0,0,0,0,0,0,0,0,0,0,0,0,0,0,0,0,0,0,0,0,0,0,0,935,65,1029,77388831108,7,7115266753819,89,3893967154113,0,20,1243343940518,0,0,0,0,0,0,0,0,0,0,0,0,00578774915223156,0,0,0,0,0,0222055619971601,0,20,954733289421,0,0,0,42609,0774068705,40376,459767387,0,
675-700C*,0,00120306231084409,973,150024,750,46583098093,1041,29431973529,0,215997364435804,410,317955285716,53,2739529480616,53,7908084188129,1,27191466473385,2062,40546006092,8,64360543836809,341,316093401434,22,4496491796958,0,57,4429052037422,441,215787687061,388,645250154199,14,5804288240382,23,3375200240382,46,7260470519384,46,2091915811871,47,6943784540511,6144,9644720362,0,0,0,0,309,904169374034,1,61967940639182,0,027275358383197,15,5497773719806,24,3068685719806,12,1477267287544,0,886817208965859,0,000974674204582893,0,5,622719383272E-24,5,02049897474321,12,0404456368223,22,9878101741865,463730,788027369,133408,78162393,50032,8714727894,8,70590295299501,0,0,0,0,0,0,0,0,0,0,0,0,0,0,0,0,0,0,0,0,0,0,0,0,0,0,0,0,0,0,0,0,0,0,0,0,0,0,0,0,0,0,0,0,0,0,0,0,0,0,0,0,0,0,0,0,0,0,0,0,0,0,0,0,0,0,0,0,0,0,0,0,0,0,0,0,0,0,0,0,0,0,0,0,0,0,0,0,0,0,0,0,0,0,0,0,0,0,0,0,0,0,0,0,0,0,0,0,0,0,0,0,960,65,2244,97395253955,7,50780290755384,89,4434819711788,0,21,7280532443357,0,0,0,0,0,0,0,0,0,0,0,0,00664385196987463,0,0,0,0,0,0254901280163675,0,22,4496491796958,0,0,0,42416,2792534168,40220,5210795283,0,
700-725C*,0,000930158695416593,998,150024,820,68504532104,1049,62871624775,0,197353993239635,418,003177535331,53,2781937993163,53,8943693961668,1,34183301767404,2175,29727663617,8,82475202415434,340,581320710916,24,9897820899841,0,57,9844111892149,439,365611027999,391,834893386497,13,2993709815616,22,0564621815616,46,7218062006837,46,1056306038332,50,3563035573825,6732,94856566855,0,0,0,0,291,822827196129,1,6311206607721,0,0150068335183521,14,2071630198995,22,9642542198995,12,1477267287544,0,969497414329124,0,00102136673597892,0,1,37064635256234E-26,5,30070405272319,20,6989073564045,22,9878101741865,1948449,89341816,488739,623979475,164546,921231988,7,56102271409118,0,0,0,0,0,0,0,0,0,0,0,0,0,0,0,0,0,0,0,0,0,0,0,0,0,0,0,0,0,0,0,0,0,0,0,0,0,0,0,0,0,0,0,0,0,0,0,0,0,0,0,0,0,0,0,0,0,0,0,0,0,0,0,0,0,0,0,0,0,0,0,0,0,0,0,0,0,0,0,0,0,0,0,0,0,0,0,0,0,0,0,0,0,0,0,0,0,0,0,0,0,0,0,0,0,0,0,0,0,0,0,0,985,65,5248,42524568014,7,45164125122396,89,3806566690761,0,24,4699088084178,0,0,0,0,0,0,0,0,0,0,0,0,0114215437336915,0,0,0,0,0,0438204543443236,0,24,9897820899841,0,0,0,42272,7526653701,40103,1871650763,0,
725-750C*,0,000710053485833284,1023,150024,902,166797155348,1055,54688467276,0,177798358161847,425,760212836909,53,2766267918857,54,006821762949,1,41175137061423,2307,42641502954,8,98038857905293,339,681187001925,25,6714435751293,0,59,1025312652765,437,235577770466,394,590216874408,12,0666377008341,20,8237289008341,46,7233732081143,45,993178237051,53,0182286607139,6902,70470002589,0,0,0,0,275,129319629844,1,64030294975453,0,00761602547451487,12,8645486678183,21,6216398678183,12,1477267287544,1,05217761969239,0,00106805926737495,0,1,48132469721263E-29,5,58090913070317,30,4400874254579,22,9878101741865,9280783,31034043,2005580,88231962,600477,904863211,6,4483175050756,0,0,0,0,0,0,0,0,0,0,0,0,0,0,0,0,0,0,0,0,0,0,0,0,0,0,0,0,0,0,0,0,0,0,0,0,0,0,0,0,0,0,0,0,0,0,0,0,0,0,0,0,0,0,0,0,0,0,0,0,0,0,0,0,0,0,0,0,0,0,0,0,0,0,0,0,0,0,0,0,0,0,0,0,0,0,0,0,0,0,0,0,0,0,0,0,0,0,0,0,0,0,0,0,0,0,0,0,0,0,0,0,1010,65,13213,4539539334,7,49385665279412,90,3364554276078,0,25,2086645049363,0,0,0,0,0,0,0,0,0,0,0,0,0167966735538668,0,0,0,0,0,0644429407937696,0,25,6714435751293,0,0,0,42161,7563632131,40011,2325195205,0,
750-775C*,0,00053892018660617,1048,150024,989,982672998889,1059,81040600941,0,156246278550861,433,565371496176,53,2561633755702,54,1152798850188,1,48166972355442,2439,59043227722,9,04588807027024,338,539725010247,26,8267556749083,0,60,5873080548797,434,864093543517,396,751006659517,10,8669973618736,19,6240885618736,46,7438366244298,45,8847201149812,55,6801537640452,7287,81974208107,0,0,0,0,262,516715677804,1,64792340520304,0,00350315367652875,11,5219343157372,20,2790255157372,12,1477267287544,1,13041399931697,0,00111475179877099,0,5,94693471596448E-33,5,86111420868314,40,1812674945113,22,9878101741865,50458452,0399716,9276199,00007625,2445412,47065618,5,36778732594824,0,0,0,0,0,0,0,0,0,0,0,0,0,0,0,0,0,0,0,0,0,0,0,0,0,0,0,0,0,0,0,0,0,0,0,0,0,0,0,0,0,0,0,0,0,0,0,0,0,0,0,0,0,0,0,0,0,0,0,0,0,0,0,0,0,0,0,0,0,0,0,0,0,0,0,0,0,0,0,0,0,0,0,0,0,0,0,0,0,0,0,0,0,0,0,0,0,0,0,0,0,0,0,0,0,0,0,0,0,0,0,0,1035,65,35971,7973449808,7,60388203076352,92,1210961037269,0,26,463086377051,0,0,0,0,0,0,0,0,0,0,0,0,0221718033740422,0,0,0,0,0,0850654272432155,0,26,8267556749083,0,0,0,42074,5374346181,39938,0854331,0,
775-800C*,0,000406762033016639,1073,150024,1084,21543443816,1063,1808612568,0,133578134423613,441,396313188278,53,2143192363917,54,2174800274131,1,55158807649461,2601,30161573228,9,0916311383582,337,079354840879,28,1852124843192,0,62,2386907936127,432,285821973532,398,418892047839,9,68521834469847,18,4423095446985,46,7856807636083,45,7825199725869,58,3420788673766,7745,54675607847,0,0,0,0,250,771649286058,1,65477477863648,0,00142714126773831,10,179319963656,18,936411163656,12,1477267287544,1,20746066925689,0,00116144433016702,0,7,03082695798661E-37,6,14131928666312,49,9224475635647,22,9878101741865,315260652,939609,48654163,5533575,11176038,8799564,4,31943217670912,0,0,0,0,0,0,0,0,0,0,0,0,0,0,0,0,0,0,0,0,0,0,0,0,0,0,0,0,0,0,0,0,0,0,0,0,0,0,0,0,0,0,0,0,0,0,0,0,0,0,0,0,0,0,0,0,0,0,0,0,0,0,0,0,0,0,0,0,0,0,0,0,0,0,0,0,0,0,0,0,0,0,0,0,0,0,0,0,0,0,0,0,0,0,0,0,0,0,0,0,0,0,0,0,0,0,0,0,0,0,0,0,1060,65,106319,733880425,7,75284391630375,94,3953994794412,0,27,9413076506328,0,0,0,0,0,0,0,0,0,0,0,0,0275469331942175,0,0,0,0,0,105687913692661,0,28,1852124843192,0,0,0,41999,606394176,39874,5702565097,0,
800-825C*,0,000306533897081739,1098,150024,1184,79635893263,1066,41983141402,0,110423111731168,449,231484406532,53,1485704489648,54,3111584551685,1,6215064294348,2763,01279918733,9,13737420644617,335,221648632208,29,5436692937301,0,63,8599988611164,429,531931791022,399,685857608594,8,50606902932666,17,2631602293267,46,8514295510352,45,6888415448315,61,0040039707079,8203,27377007586,0,0,0,0,233,375804600708,1,66170389042549,0,000499276051668326,8,83670561157485,17,5937968115749,12,1477267287544,1,28450733919681,0,00120813686156305,0,1,79365614365673E-41,6,4215243646431,55,6734884917543,22,9878101741865,2278482727,1899,291119421,778107,57632993,1372956,3,30325205735824,0,0,0,0,0,0,0,0,0,0,0,0,0,0,0,0,0,0,0,0,0,0,0,0,0,0,0,0,0,0,0,0,0,0,0,0,0,0,0,0,0,0,0,0,0,0,0,0,0,0,0,0,0,0,0,0,0,0,0,0,0,0,0,0,0,0,0,0,0,0,0,0,0,0,0,0,0,0,0,0,0,0,0,0,0,0,0,0,0,0,0,0,0,0,0,0,0,0,0,0,0,0,0,0,0,0,0,0,0,0,0,0,1085,65,342503,841572792,7,9128966336484,96,8258553984307,0,29,4223630380436,0,0,0,0,0,0,0,0,0,0,0,0,0307203260861492,0,0,0,0,0,117863108358098,0,29,5436692937301,0,0,0,41926,6277786042,39812,5997460093,0,
825-850C*,0,000227897093327899,1123,150024,1291,56408806119,1070,28889748017,0,0871348227602415,457,049893332423,53,0563511933424,54,3940514333219,1,69142478237498,2924,72398264239,9,18311727453414,332,888210215717,30,9021261031411,0,65,2558087099033,426,630353116244,400,633858862849,7,31431779577628,16,0714089957763,46,9436488066576,45,6059485666781,63,6659290740393,8661,00078407326,0,0,0,0,222,233635480903,1,66959615674404,0,000143780415006924,7,4940912594937,16,2511824594937,12,1477267287544,1,36155400913672,0,00125482939295908,0,6,44754093073519E-47,6,70172944262307,82,3071786518179,22,9878101741865,19169198536,2394,1998498625,69204,337113504,636642,2,31924696789559,0,0,0,0,0,0,0,0,0,0,0,0,0,0,0,0,0,0,0,0,0,0,0,0,0,0,0,0,0,0,0,0,0,0,0,0,0,0,0,0,0,0,0,0,0,0,0,0,0,0,0,0,0,0,0,0,0,0,0,0,0,0,0,0,0,0,0,0,0,0,0,0,0,0,0,0,0,0,0,0,0,0,0,0,0,0,0,0,0,0,0,0,0,0,0,0,0,0,0,0,0,0,0,0,0,0,0,0,0,0,0,0,1110,65,1207094,57490398,8,05705391159337,99,0827795389403,0,30,9056259212926,0,0,0,0,0,0,0,0,0,0,0,0,0454166504725005,0,0,0,0,0,174247746618669,0,30,9021261031411,0,0,0,41845,982451111,39744,760869981,0,
850-875C*,0,000169756823999805,1148,150024,1401,75420755359,1075,54964045435,0,0640668797975483,464,831192418516,52,9350516072611,54,4638952269099,1,76134313531517,3086,43516609744,9,22886034262211,330,001676108479,32,260582912552,0,66,2337899109631,423,606034728143,401,32039989594,6,0947330240655,14,8518242240655,47,0649483927389,45,5361047730901,66,3278541773706,9118,72779807066,0,0,0,0,212,479300972718,1,67938919029153,3,21111780549555E-05,6,15147690741255,14,9085681074125,12,1477267287544,1,43860067907664,0,00130152192435511,0,1,79175042785312E-53,6,98193452060305,116,671204045578,22,9878101741865,220538807949,131,18208740983,5848,2556273977,35028,1,36741690832117,0,0,0,0,0,0,0,0,0,0,0,0,0,0,0,0,0,0,0,0,0,0,0,0,0,0,0,0,0,0,0,0,0,0,0,0,0,0,0,0,0,0,0,0,0,0,0,0,0,0,0,0,0,0,0,0,0,0,0,0,0,0,0,0,0,0,0,0,0,0,0,0,0,0,0,0,0,0,0,0,0,0,0,0,0,0,0,0,0,0,0,0,0,0,0,0,0,0,0,0,0,0,0,0,0,0,0,0,0,0,0,0,1135,65,5119286,97629146,8,1593016628383,,0,32,3905267949252,0,0,0,0,0,0,0,0,0,0,0,0,0643785315101039,0,0,0,0,0,246997828539709,0,32,260582912552,0,0,0,41748,3035009128,39663,8744134767,0,
875-900C*,0,000125748957343541,1173,150024,1517,3917699277,1082,64655915354,0,0431063007300325,472,564547814021,52,7850782169346,54,5214711664655,1,83126148825536,3248,1463495525,9,27460341071008,326,531485439107,33,619039721963,0,66,6911474156573,420,481196278073,401,824496338056,4,83842473785421,13,5955159378542,47,2149217830654,45,4785288335345,68,989779280702,9576,45481206806,0,0,0,0,203,791383719073,1,69172854633376,5,09973207876392E-06,4,80886255533139,13,5659537553314,12,1477267287544,1,51564734901656,0,00134821445575114,0,1,60737721426156E-61,7,26213959858302,151,035229439338,22,9878101741865,5394323827667,55,328206142475,789,36233172438,6836,0,447761878634997,0,0,0,0,0,0,0,0,0,0,0,0,0,0,0,0,0,0,0,0,0,0,0,0,0,0,0,0,0,0,0,0,0,0,0,0,0,0,0,0,0,0,0,0,0,0,0,0,0,0,0,0,0,0,0,0,0,0,0,0,0,0,0,0,0,0,0,0,0,0,0,0,0,0,0,0,0,0,0,0,0,0,0,0,0,0,0,0,0,0,0,0,0,0,0,0,0,0,0,0,0,0,0,0,0,0,0,0,0,0,0,0,1160,65,33917384,5849253,8,20588700320377,,0,33,8765467279914,0,0,0,0,0,0,0,0,0,0,0,0,0833404125477073,0,0,0,0,0,319747910460749,0,33,619039721963,0,0,0,41628,5170452821,39566,1168230285,0,
900-925C*,9,26695181310581E-05,1198,150024,1638,5196510199,1087,15301470534,0,0401443919803046,480,3691547012,52,6458267841414,54,6063479324572,1,90117984119555,3409,85753300755,9,32034647879805,323,129188808658,34,9774965313739,0,67,7672885311242,417,275571158095,402,194008825807,3,63392571459093,12,3910169145909,47,3541732158586,45,3936520675428,71,6517043840333,10034,1818260655,0,0,0,0,192,046317327327,1,70122286303255,5,0510426232693E-07,3,46624820325024,12,2233394032502,12,1477267287544,1,59269401895647,0,00139490698714717,0,1,24163910207317E-71,7,542344676563,185,399254833099,22,9878101741865,195135678456481,8428157238837,68,710476556723,368,0,0,0,0,0,0,0,0,0,0,0,0,0,0,0,0,0,0,0,0,0,0,0,0,0,0,0,0,0,0,0,0,0,0,0,0,0,0,0,0,0,0,0,0,0,0,0,0,0,0,0,0,0,0,0,0,0,0,0,0,0,0,0,0,0,0,0,0,0,0,0,0,0,0,0,0,0,0,0,0,0,0,0,0,0,0,0,0,0,0,0,0,0,0,0,0,0,0,0,0,0,0,0,0,0,0,0,0,0,0,0,0,0,1185,65,283238521,672417,8,35323787923478,,0,35,3632117708802,0,0,0,0,0,0,0,0,0,0,0,0,102302293585311,0,0,0,0,0,392497992381788,0,34,9774965313739,0,0,0,41541,4825437487,39493,5972306714,0,
925-950C*,6,79769307536213E-05,1223,150024,1765,10434785383,1091,65947025713,0,0371824832305766,488,174755572723,52,489416227085,54,6912246984488,1,97109819413574,3571,56871646261,9,36608954688602,319,45268009533,36,3359533407848,0,68,7967309401926,414,00663712532,402,462196600392,2,42942669132766,11,1865178913277,47,510583772915,45,3087753015512,74,3136294873647,10491,9088400629,0,0,0,0,180,301250935581,1,71098924170614,0,2,12363385116909,10,8807250511691,12,1477267287544,1,66974068889639,0,0014415995185432,0,1,01179546585337E-84,7,82254975454297,203,830626414383,22,9878101741865,1,09518065906124E+16,321997902200058,20053458730924,3,0,0,0,0,0,0,0,0,0,0,0,0,0,0,0,0,0,0,0,0,0,0,0,0,0,0,0,0,0,0,0,0,0,0,0,0,0,0,0,0,0,0,0,0,0,0,0,0,0,0,0,0,0,0,0,0,0,0,0,0,0,0,0,0,0,0,0,0,0,0,0,0,0,0,0,0,0,0,0,0,0,0,0,0,0,0,0,0,0,0,0,0,0,0,0,0,0,0,0,0,0,0,0,0,0,0,0,0,0,0,0,0,0,1210,65,3066922392,14769,8,5099916846408,,0,36,8500881417803,0,0,0,0,0,0,0,0,0,0,0,0,112472623495137,0,0,0,0,0,431517978459993,0,36,3359533407848,0,0,0,41454,9072589551,39421,4976572964,0,
950-975C*,4,96451888990006E-05,1248,150024,1897,16136940497,1096,16592580893,0,0342205744808487,495,981338169462,52,3153586868703,54,7761014644405,2,04101654707593,3733,27989991766,9,41183261497399,315,525878382733,37,6944101501958,0,69,7819883646909,410,689832872001,402,655848020984,1,22492766806439,9,98201886806439,47,6846413131297,45,2238985355595,76,975554590696,10949,6358540603,0,0,0,0,168,556184543835,1,72103054571994,0,0,781019499087936,9,53811069908794,12,1477267287544,1,74678735883631,0,00148829204993923,0,2,50092970122616E-102,8,10275483252295,271,940048099271,22,9878101741865,1,00631083625791E+18,1,92143770274541E+16,851899394130320,0,0,0,0,0,0,0,0,0,0,0,0,0,0,0,0,0,0,0,0,0,0,0,0,0,0,0,0,0,0,0,0,0,0,0,0,0,0,0,0,0,0,0,0,0,0,0,0,0,0,0,0,0,0,0,0,0,0,0,0,0,0,0,0,0,0,0,0,0,0,0,0,0,0,0,0,0,0,0,0,0,0,0,0,0,0,0,0,0,0,0,0,0,0,0,0,0,0,0,0,0,0,0,0,0,0,0,0,0,0,0,0,0,1235,65,44451159035,2741,8,67669344722938,,0,38,3367780612388,0,0,0,0,0,0,0,0,0,0,0,0,150055029419075,0,0,0,0,0,575708478565664,0,37,6944101501958,0,0,0,41368,7890698082,39349,8161095512,0,
975-1000C*,3,60605961510804E-05,1273,150024,2034,75158419018,1100,67238136073,0,0312586657311207,503,788890433059,52,1231166318134,54,8609782304322,2,11093490001612,3894,99108337272,9,45757568306196,311,371389135084,39,0528669596067,0,70,7254017899508,407,338759566125,402,795175581592,0,0204286448011146,8,77751984480112,47,8768833681866,45,1390217695678,79,6374796940273,11407,3628680577,0,0,0,0,156,811118152088,1,73135005262479,0,-0,561594852993217,8,19549634700679,12,1477267287544,1,82383402877623,0,00153498458133526,0,2,79050048688521E-127,8,38295991050293,372,769530502927,22,9878101741865,1,60798325420894E+20,1,89127942220192E+18,5,72638103948319E+16,0,0,0,0,0,0,0,0,0,0,0,0,0,0,0,0,0,0,0,0,0,0,0,0,0,0,0,0,0,0,0,0,0,0,0,0,0,0,0,0,0,0,0,0,0,0,0,0,0,0,0,0,0,0,0,0,0,0,0,0,0,0,0,0,0,0,0,0,0,0,0,0,0,0,0,0,0,0,0,0,0,0,0,0,0,0,0,0,0,0,0,0,0,0,0,0,0,0,0,0,0,0,0,0,0,0,0,0,0,0,0,0,0,1260,65,893702198175,055,8,85391603766865,,0,39,8229161291985,0,0,0,0,0,0,0,0,0,0,0,0,205692185675175,0,0,0,0,0,789168718478475,0,39,0528669596067,0,0,0,41283,1257910902,39278,5505232351,0,
1000-1050C*,4,64917198982361E-05,1323,150024,2251,74366207765,1107,43206468842,0,0268158026065288,515,502011059172,51,7993498410664,54,9882933794196,2,2158124294264,4137,5578585553,9,52619028519391,302,764232109943,41,0905521737231,0,72,0667998796436,403,021771717758,402,93411487889,-1,7863198900938,6,97077130990621,48,2006501589336,45,0117066205804,83,6303673490244,12093,9533890538,0,0,0,0,139,193518564469,1,74735911283739,0,-2,57551638111494,6,18157481888506,12,1477267287544,1,9394040336861,0,00160502337842931,0,9,04794078109171E-231,8,80326752747289,524,01375410841,22,9878101741865,1,06533938237927E+24,5,40841311489878E+21,8,45201237601289E+19,0,0,0,0,0,0,0,0,0,0,0,0,0,0,0,0,0,0,0,0,0,0,0,0,0,0,0,0,0,0,0,0,0,0,0,0,0,0,0,0,0,0,0,0,0,0,0,0,0,0,0,0,0,0,0,0,0,0,0,0,0,0,0,0,0,0,0,0,0,0,0,0,0,0,0,0,0,0,0,0,0,0,0,0,0,0,0,0,0,0,0,0,0,0,0,0,0,0,0,0,0,0,0,0,0,0,0,0,0,0,0,0,0,1298,15,162660037419551,9,13707757981236,,0,42,0503603984784,0,0,0,0,0,0,0,0,0,0,0,0,289147920059326,0,0,0,0,1,10935907834769,0,41,0905521737231,0,0,0,41155,4789046287,39172,4273951526,0,
1050-1100C*,2,41029023737494E-05,1373,150024,2561,66791381562,1116,44497579201,0,0208919851070729,531,122789957217,51,2980097357657,55,1580469114029,2,35564913530677,4460,98022546541,9,61767642136985,293,179362515476,43,807465792545,0,73,7280708571144,395,268476101325,403,039079548353,-4,19531793662035,4,56177326337966,48,7019902642343,44,8419530885971,88,9542175556871,13009,4074170486,0,0,0,0,115,703385780977,1,76971598880749,0,-5,26074508527725,3,49634611472275,12,1477267287544,2,09349737356594,0,00169840844122137,0,0,9,36367768343284,698,286372087837,22,9878101741865,1,85967010914303E+30,2,39312579629238E+27,1,26957412223757E+25,0,0,0,0,0,0,0,0,0,0,0,0,0,0,0,0,0,0,0,0,0,0,0,0,0,0,0,0,0,0,0,0,0,0,0,0,0,0,0,0,0,0,0,0,0,0,0,0,0,0,0,0,0,0,0,0,0,0,0,0,0,0,0,0,0,0,0,0,0,0,0,0,0,0,0,0,0,0,0,0,0,0,0,0,0,0,0,0,0,0,0,0,0,0,0,0,0,0,0,0,0,0,0,0,0,0,0,0,0,0,0,0,0,1348,15,8,00090158331878E+17,9,56215259811821,,0,45,0154318080091,0,0,0,0,0,0,0,0,0,0,0,0,38531059635736,0,0,0,0,1,47830151420387,0,43,807465792545,0,0,0,40986,853841782,39032,3653758558,0,
1100-1150C*,1,0532639677227E-05,1423,150024,2896,5881608351,1125,4578868956,0,014968167607617,546,747240159963,50,7113006823015,55,3278004433862,2,49548584118715,4784,40259237553,9,70916255754578,283,06205394658,46,5243794113669,0,75,2568955584127,389,503413793244,403,094784602745,-6,60431598314689,2,15277521685312,49,2886993176985,44,6721995566138,94,2780677623498,13924,8614450434,0,0,0,0,92,2132529974843,1,79326502524684,0,-7,94597378943956,0,811117410560446,12,1477267287544,2,24759071344577,0,00179179350401343,0,0,9,9240878393928,1164,01833409707,22,9878101741865,,3,10150469697217E+34,4,2186874873454E+31,0,0,0,0,0,0,0,0,0,0,0,0,0,0,0,0,0,0,0,0,0,0,0,0,0,0,0,0,0,0,0,0,0,0,0,0,0,0,0,0,0,0,0,0,0,0,0,0,0,0,0,0,0,0,0,0,0,0,0,0,0,0,0,0,0,0,0,0,0,0,0,0,0,0,0,0,0,0,0,0,0,0,0,0,0,0,0,0,0,0,0,0,0,0,0,0,0,0,0,0,0,0,0,0,0,0,0,0,0,0,0,0,0,1398,15,3,58163445170112E+22,10,0412929313384,,0,47,9730346165528,0,0,0,0,0,0,0,0,0,0,0,0,642298942682822,0,0,0,0,2,46427559614511,0,46,5243794113669,0,0,0,40820,0063474607,38893,9270068259,0,
1150+C*,7,26641364449289E-06,1623,150024,3856,51650569877,1147,99016465458,0,000158623858977205,585,823860161404,48,8186442818817,55,7521842733445,2,84507760588809,5592,9585096508,9,93787789798563,241,035037604692,53,3166634584216,0,78,5783809480815,379,290600981301,403,154040093476,-12,6268110994633,-3,86971989946326,51,1813557181183,44,2478157266555,107,587693279007,16213,4965150304,0,0,0,0,53,15,1,85766895120361,0,-14,6590455498453,-5,90195434984532,12,1477267287544,2,63282406314536,0,00202525616099359,0,0,11,3251132292927,2867,50796884473,22,9878101741865,,3,19699090218923E+34,4,33762412945777E+31,0,0,0,0,0,0,0,0,0,0,0,0,0,0,0,0,0,0,0,0,0,0,0,0,0,0,0,0,0,0,0,0,0,0,0,0,0,0,0,0,0,0,0,0,0,0,0,0,0,0,0,0,0,0,0,0,0,0,0,0,0,0,0,0,0,0,0,0,0,0,0,0,0,0,0,0,0,0,0,0,0,0,0,0,0,0,0,0,0,0,0,0,0,0,0,0,0,0,0,0,0,0,0,0,0,0,0,0,0,0,0,0,0,1523,15,3,65335988701563E+22,11,4908575905191,,0,55,3230992361227,0,0,0,0,0,0,0,0,0,0,0,1,58227519496265,0,0,0,0,6,07063454447826,0,53,3166634584216,0,0,0,40410,5329708958,38554,8074900132,0,
