Name,Oyo-2011
Created,26/03/2026 11:05:12
Cpt,Composition,Boiling Temperature,Molecular Weight,Standard Liquid Density,Acidity,Aniline Point,Assay - Aromatics Vol Pct,Assay - Aromatics Wt Pct,Asphaltene Content,Basic Nitrogen Content,C to H Ratio,Cloud Point,Conradson Carbon Content,Copper Content,Cetane Number,Flash Point,Freeze Point,MON (Clear),MON (Leaded),Assay - Naphthenes Vol Pct,Assay - Naphthenes Wt Pct,Nickel Content,Nitrogen Content,Assay - Olefins Vol Pct,Assay - Olefins Wt Pct,Assay - Paraffins Vol Pct,Assay - Paraffins Wt Pct,Pour Point,Refractive Index,Reid Vapour Pressure,RON (Clear),RON (Leaded),Smoke Point,Sulfur Content,Mercaptan Sulfur Content,Sodium Content,True Vapour Pressure,Vanadium Content,Iron Content,Luminometer Number,Viscosity @ 38C,Viscosity @ 50C,Viscosity @ 60C,Wax Content,Pi C6 22DMB Wt Pct,Pi C6 22DMB Vol Pct,Pi C6 23DMB Wt Pct,Pi C6 23DMB Vol Pct,Pi C6 2MP Wt Pct,Pi C6 2MP Vol Pct,Pi C6 3MP Wt Pct,Pi C6 3MP Vol Pct,Pi C7 22-mPentane Wt Pct,Pi C7 22-mPentane Vol Pct,Pi C7 24-mPentane Wt Pct,Pi C7 24-mPentane Vol Pct,Pi C7 223-mButane Wt Pct,Pi C7 223-mButane Vol Pct,Pi C7 33-mPentane Wt Pct,Pi C7 33-mPentane Vol Pct,Pi C7 23-mPentane Wt Pct,Pi C7 23-mPentane Vol Pct,Pi C7 2-mHexane Wt Pct,Pi C7 2-mHexane Vol Pct,Pi C7 3-mHexane Wt Pct,Pi C7 3-mHexane Vol Pct,Pi C7 3-ePentane Wt Pct,Pi C7 3-ePentane Vol Pct,Pi C6 Wt Pct,Pi C6 Vol Pct,Pi C7 Wt Pct,Pi C7 Vol Pct,Pi C8 Wt Pct,Pi C8 Vol Pct,Pi C9 Wt Pct,Pi C9 Vol Pct,Pi C10  Wt Pct,Pi C10  Vol Pct,Pi C11  Wt Pct,Pi C11  Vol Pct,Pn C6 Hexane Wt Pct,Pn C6 Hexane Vol Pct,Pn C7 Heptane Wt Pct,Pn C7 Heptane Vol Pct,Pn C8 Octane Wt Pct,Pn C8 Octane Vol Pct,Pn C9 Nonane Wt Pct,Pn C9 Nonane Vol Pct,Pn C10 Decane Wt Pct,Pn C10 Decane Vol Pct,Pn C11 n-C11 Wt Pct,Pn C11 n-C11 Vol Pct,On C6 Wt Pct,On C6 Vol Pct,On C7 Wt Pct,On C7 Vol Pct,On C8 Wt Pct,On C8 Vol Pct,On C9 Wt Pct,On C9 Vol Pct,On C10 Wt Pct,On C10 Vol Pct,On C11 Wt Pct,On C11 Vol Pct,A C6 Benzene Wt Pct,A C6 Benzene Vol Pct,A C7 Toluene Wt Pct,A C7 Toluene Vol Pct,A C8 m-Xylene Wt Pct,A C8 m-Xylene Vol Pct,A C8 o-Xylene Wt Pct,A C8 o-Xylene Vol Pct,A C8 p-Xylene Wt Pct,A C8 p-Xylene Vol Pct,A C8 EthBenz Wt Pct,A C8 EthBenz Vol Pct,N C6 cyc-C5 Wt Pct,N C6 cyc-C5 Vol Pct,N C6 cyc-C6 Wt Pct,N C6 cyc-C6 Vol Pct,A C8 Wt Pct,A C8 Vol Pct,A C9 Wt Pct,A C9 Vol Pct,A C10 Wt Pct,A C10 Vol Pct,A C11 Wt Pct,A C11 Vol Pct,N C6 Wt Pct,N C6 Vol Pct,N C7 Wt Pct,N C7 Vol Pct,N C8 Wt Pct,N C8 Vol Pct,N C9 Wt Pct,N C9 Vol Pct,N C10 Wt Pct,N C10 Vol Pct,N C11 Wt Pct,N C11 Vol Pct,Pi Wt Pct,Pi Vol Pct,Pn Wt Pct,Pn Vol Pct,Oi C6 Wt Pct,Oi C6 Vol Pct,Oi C7 Wt Pct,Oi C7 Vol Pct,Oi C8 Wt Pct,Oi C8 Vol Pct,Oi C9 Wt Pct,Oi C9 Vol Pct,Oi C10 Wt Pct,Oi C10 Vol Pct,Oi C11 Wt Pct,Oi C11 Vol Pct,Centroid Boiling Temperature,Viscosity @ 100C,Hydrogen,CarbonByWt,PValue,RamsCarbonResidueByWt,SulfideByWt,ZincByWt,TinByWt,ChromiumByWt,LeadByWt,AluminiumByWt,MagnesiumByWt,MetalByWt,ArsenicByWt,CadmiumByWt,MercuryByWt,NaClByWt,SaltByWt,MudByWt,ChloridesByWt,MolybdenumByWt,AshByWt,GumByWt,MicroCarbonResidueByWt,nC5InsolublesByWt,NaphthenicAcidByWt,NaphthenicAcidByVol,Gross Heating Value,Net Heating Value,Oxygen Content,
Hydrogen,0,20,5548,2,016000032,69,85910034,0,,0,0,0,0,0,13,9,0,0,,,13,9,10,,0,0,0,0,0,0,0,0,13,9,,,130,,,0,0,0,,0,0,,,,,0,,,,,,,,,,,,,,,,,,,,,,,,,,,,,,,,,,,,,,,,,,,,,,,,,,,,,,,,,,,,,,,,,,,,,,,,,,,,,,,,,,,,,,,,,,,,,,,,,0,0,0,0,,,,,,,,,,,,,,,100,0,,,,,,,,,,,,,,,,,,,,,0,,,,,,,
Nitrogen,0,77,3498,28,0135,806,3740234,0,,0,0,0,0,0,63,1,0,0,,,63,1,,,0,0,0,0,0,0,0,0,63,1,,,,,,0,0,0,,0,0,,,,,0,,,,,,,,,,,,,,,,,,,,,,,,,,,,,,,,,,,,,,,,,,,,,,,,,,,,,,,,,,,,,,,,,,,,,,,,,,,,,,,,,,,,,,,,,,,,,,,,,0,0,0,0,,,,,,,,,,,,,,,0,0,,,,,,,,,,,,,,,,,,,,,0,,,,,,,
CO,0,81,6996,28,0109005,799,3880005,0,,0,0,0,0,0,68,2,0,0,,,68,2,,,0,0,0,0,0,0,0,0,68,2,,,120,,,0,0,0,,0,0,,,,,0,,,,,,,,,,,,,,,,,,,,,,,,,,,,,,,,,,,,,,,,,,,,,,,,,,,,,,,,,,,,,,,,,,,,,,,,,,,,,,,,,,,,,,,,,,,,,,,,,0,0,0,0,,,,,,,,,,,,,,,0,0,,,,,,,,,,,,,,,,,,,,,0,,,,,,,
Oxygen,0,90,1996,32,1137,680054,0,,0,0,0,0,0,54,4,0,0,,,54,4,,,0,0,0,0,0,0,0,0,54,4,,,120,,,0,0,0,,0,0,,,,,0,,,,,,,,,,,,,,,,,,,,,,,,,,,,,,,,,,,,,,,,,,,,,,,,,,,,,,,,,,,,,,,,,,,,,,,,,,,,,,,,,,,,,,,,,,,,,,,,,0,0,0,0,,,,,,,,,,,,,,,0,0,,,,,,,,,,,,,,,,,,,,,0,,,,,,,
Methane,0,111,625,16,04290009,299,3940125,0,,0,0,0,0,3,90,4,0,0,,85,15,90,4,,,0,0,0,0,0,0,100,100,90,4,,,120,,,0,0,0,,0,0,,,,,0,,,,,,,,,,,,,,,,,,,,,,,,,,,,,,,,,,,,,,,,,,,,,,,,,,,,,,,,,,,,,,,,,,,,,,,,,,,,,,,,,,,,,,,,,,,,,,,,,0,0,100,100,,,,,,,,,,,,,,,25,13516209,75,,,,,,,,,,,,,,,,,,,,,0,,,,,,,
Ethylene,0,169,399,28,05380058,383,2260132,0,,0,0,0,0,6,104,0,0,,137,15,104,75,6,,0,0,0,0,100,100,0,0,104,,,100,51,,,0,0,0,,0,0,,,,,0,,,,,,,,,,,,,,,,,,,,,,,,,,,,,,,,,,,,,,,,,,,,,,,,,,,,,,,,,,,,,,,,,,,,,,,,,,,,,,,,,,,,,,,,,,,,,,,,,0,0,0,0,,,,,,,,,,,,,,,14,34761566,85,71428571,,,,,,,,,,,,,,,,,,,,,0,,,,,,,
Ethane,5,94338890507907E-05,184,55,30,06990051,355,6830139,0,,0,0,0,0,4,90,4,0,0,,138,15,90,4,100,79,,0,0,0,0,0,0,100,100,90,4,,,111,38,,,0,0,0,,0,0,,,,,0,,,,,,,,,,,,,,,,,,,,,,,,,,,,,,,,,,,,,,,,,,,,,,,,,,,,,,,,,,,,,,,,,,,,,,,,,,,,,,,,,,,,,,,,,,,,,,,,,0,0,100,100,,,,,,,,,,,,,,,20,11147323,80,,,,,,,,,,,,,,,,,,,,,0,,,,,,,
CO2,0,194,598,44,00970078,825,335022,0,,0,0,0,0,0,217,0,0,,,217,,,0,0,0,0,0,0,0,0,217,,,,,,0,0,0,,0,0,,,,,0,,,,,,,,,,,,,,,,,,,,,,,,,,,,,,,,,,,,,,,,,,,,,,,,,,,,,,,,,,,,,,,,,,,,,,,,,,,,,,,,,,,,,,,,,,,,,,,,,0,0,0,0,,,,,,,,,,,,,,,0,0,,,,,,,,,,,,,,,,,,,,,0,,,,,,,
H2S,9,17602728663183E-05,213,498,34,07600021,788,40802,0,,0,0,0,0,0,188,0,0,,,188,,,0,0,0,0,0,0,0,0,188,,2759,,,,94,1177,0,0,,0,0,,,,,0,,,,,,,,,,,,,,,,,,,,,,,,,,,,,,,,,,,,,,,,,,,,,,,,,,,,,,,,,,,,,,,,,,,,,,,,,,,,,,,,,,,,,,,,,,,,,,,,,0,0,0,0,,,,,,,,,,,,,,,5,911554252,0,,,,,,,,,,,,,,,,,,,,,0,,,,,,,
Propene,0,225,399,42,08060074,520,9550171,0,,0,0,0,0,6,87,9,0,0,,165,87,9,84,9,,0,0,0,0,100,100,0,0,87,9,,1565,102,54,,,0,0,0,,0,0,,,,,0,,,,,,,,,,,,,,,,,,,,,,,,,,,,,,,,,,,,,,,,,,,,,,,,,,,,,,,,,,,,,,,,,,,,,,,,,,,,,,,,,,,,,,,,,,,,,,,,,0,0,0,0,,,,,,,,,,,,,,,14,36465558,85,71428571,,,,,,,,,,,,,,,,,,,,,0,,,,,,,
Propane,0,00383608028240314,231,048,44,09700012,506,678009,0,,0,0,0,0,4,5,85,5,0,0,,169,15,85,5,97,1,,0,0,0,0,0,0,100,100,85,5,,1303,112,14,,,0,0,0,,0,0,,,,,0,,,,,,,,,,,,,,,,,,,,,,,,,,,,,,,,,,,,,,,,,,,,,,,,,,,,,,,,,,,,,,,,,,,,,,,,,,,,,,,,,,,,,,,,,,,,,,,,,0,0,100,100,,,,,,,,,,,,,,,18,28426304,81,81818182,,,,,,,,,,,,,,,,,,,,,0,,,,,,,
i-Butane,0,004188529796687,261,42,58,12400055,561,9660034,0,380,85,0,0,0,0,4,8,114,0,0,,190,15,114,97,6,,0,0,0,0,0,0,100,100,114,,489,6,101,426,,,0,0,0,,0,0,,,,,0,,,,,,,,,,,,,,,,,,,,,,,,,,,,,,,,,,,,,,,,,,,,,,,,,,,,,,,,,,,,,,,,,,,,,,,,,,,,,,,,,,,,,,,,,,,,,,,,,100,100,0,0,,,,,,,,,,,,,,,17,34802065,82,75862069,,,,,,,,,,,,,,,,,,,,,0,,,,,,,
i-Butene,0,266,299,56,10770035,592,7930298,0,286,7055556,0,0,0,0,6,133,0,0,,193,15,133,88,1,,0,0,0,0,100,100,0,0,133,,442,7,105,2096138,,,0,0,0,,0,0,,,,,0,,,,,,,,,,,,,,,,,,,,,,,,,,,,,,,,,,,,,,,,,,,,,,,,,,,,,,,,,,,,,,,,,,,,,,,,,,,,,,,,,,,,,,,,,,,,,,,,,0,0,0,0,,,,,,,,,,,,,,,14,37319073,85,71428571,,,,,,,,,,,,,,,,,,,,,0,,,,,,,
1-Butene,0,266,898,56,10770035,593,7890015,0,,0,0,0,0,6,87,8,0,0,,193,15,87,8,80,8,,0,0,0,0,100,100,0,0,87,8,,432,97,4,,,0,0,0,,0,0,,0,236064836133691,0,219972008704656,0,208210021632581,0,,,,,,,,,,,,,,,,,,,,,,,,,,,,,,,,,,,,,,,,,,,,,,,,,,,,,,,,,,,,,,,,,,,,,,,,,,,,,,,,,,,,,,,,,,,,,,,,,0,0,0,0,,,,,,,,,,,,,,,14,37319073,85,71428571,,,,,,,,,,,,,,,,,,,,,0,,,,,,,
13-Butadiene,0,268,7,54,1,619,7440186,0,,0,0,0,0,8,164,0,0,,197,15,164,73,94513286,,0,0,0,0,100,100,0,0,164,,409,6,102,9723045,,,0,0,0,,0,0,,,,,0,,,,,,,,,,,,,,,,,,,,,,,,,,,,,,,,,,,,,,,,,,,,,,,,,,,,,,,,,,,,,,,,,,,,,,,,,,,,,,,,,,,,,,,,,,,,,,,,,0,0,0,0,,,,,,,,,,,,,,,11,17841035,88,88888889,,,,,,,,,,,,,,,,,,,,,0,,,,,,,
n-Butane,0,0140289635757772,272,648,58,12400055,583,2230225,0,356,35,0,0,0,0,4,8,135,0,0,,213,15,135,89,6,,0,0,0,0,0,0,100,100,135,,358,5,93,8,,,0,0,0,,0,0,,0,241514675581771,0,217701202498228,,0,,,,,,,,,,,,,,,,,,,,,,,,,,,,,,,,,,,,,,,,,,,,,,,,,,,,,,,,,,,,,,,,,,,,,,,,,,,,,,,,,,,,,,,,,,,,,,,,,0,0,100,100,,,,,,,,,,,,,,,17,34802065,82,75862069,,,,,,,,,,,,,,,,,,,,,0,,,,,,,
tr2-Butene,0,274,027,56,1,608,684021,0,,0,0,0,0,6,168,0,0,,201,168,83,84306902,,0,0,0,0,100,100,0,0,168,,343,9,105,0089318,,,0,0,0,,0,0,,,,,0,,,,,,,,,,,,,,,,,,,,,,,,,,,,,,,,,,,,,,,,,,,,,,,,,,,,,,,,,,,,,,,,,,,,,,,,,,,,,,,,,,,,,,,,,,,,,,,,,0,0,0,0,,,,,,,,,,,,,,,14,37319073,85,71428571,,,,,,,,,,,,,,,,,,,,,0,,,,,,,
i-Pentane,0,018537962492242,301,028,72,15100098,623,4420166,0,343,95,0,0,0,0,5,113,0,0,,217,113,90,3,,0,0,0,0,0,0,100,100,113,,133,8,92,3,,,0,0,0,,0,0,,,,,0,,,,,,,,,,,,,,,,,,,,,,,,,,,,,,,,,,,,,,,,,,,,,,,,,,,,,,,,,,,,,,,,,,,,,,,,,,,,,,,,,,,,,,,,,,,,,,,,,100,100,0,0,,,,,,,,,,,,,,,16,75213296,83,33333333,,,,,,,,,,,,,,,,,,,,,0,,,,,,,
1-Pentene,0,303,096,70,13500214,638,7230225,0,292,25,0,0,0,0,6,108,0,0,,245,108,77,1,,0,0,0,0,100,100,0,0,108,,131,8,90,9,,,0,0,0,,0,0,,,,,0,,,,,,,,,,,,,,,,,,,,,,,,,,,,,,,,,,,,,,,,,,,,,,,,,,,,,,,,,,,,,,,,,,,,,,,,,,,,,,,,,,,,,,,,,,,,,,,,,0,0,0,0,,,,,,,,,,,,,,,14,37831669,85,71428571,,,,,,,,,,,,,,,,,,,,,0,,,,,,,
2M-1-butene,0,304,303,70,1,654,3800049,0,,0,0,0,0,6,136,0,0,,221,136,81,9,,0,0,0,0,100,100,0,0,136,,127,2,102,54,,,0,0,0,,0,0,,,,,0,,,,,,,,,,,,,,,,,,,,,,,,,,,,,,,,,,,,,,,,,,,,,,,,,,,,,,,,,,,,,,,,,,,,,,,,,,,,,,,,,,,,,,,,,,,,,,,,,0,0,0,0,,,,,,,,,,,,,,,14,37831669,85,71428571,,,,,,,,,,,,,,,,,,,,,0,,,,,,,
n-Pentane,0,309,209,72,15100098,629,7290039,0,343,95,0,0,0,0,5,143,0,0,,233,143,61,9,,0,0,0,0,0,0,100,100,143,,101,35,61,7,,,0,0,0,,0,0,,0,317713556013358,0,28795065870348,0,265338970196147,0,,,,,,,,,,,,,,,,,,,,,,,,,,,,,,,,,,,,,,,,,,,,,,,,,,,,,,,,,,,,,,,,,,,,,,,,,,,,,,,,,,,,,,,,,,,,,,,,,0,0,100,100,,,,,,,,,,,,,,,16,75213296,83,33333333,,,,,,,,,,,,,,,,,,,,,0,,,,,,,
cis2-Butene,0,276,867,56,1,625,9530029,0,,0,0,0,0,6,134,0,0,,203,134,83,5,,0,0,0,0,100,100,0,0,134,,314,4,100,,,0,0,0,,0,0,,,,,0,,,,,,,,,,,,,,,,,,,,,,,,,,,,,,,,,,,,,,,,,,,,,,,,,,,,,,,,,,,,,,,,,,,,,,,,,,,,,,,,,,,,,,,,,,,,,,,,,0,0,0,0,,,,,,,,,,,,,,,14,37319073,85,71428571,,,,,,,,,,,,,,,,,,,,,0,,,,,,,
3M-1-butene,0,293,204,70,1,631,2700195,0,,0,0,0,0,6,105,0,0,,217,105,85,26729455,,0,0,0,0,100,100,0,0,105,,190,101,6748769,,,0,0,0,,0,0,,,,,0,,,,,,,,,,,,,,,,,,,,,,,,,,,,,,,,,,,,,,,,,,,,,,,,,,,,,,,,,,,,,,,,,,,,,,,,,,,,,,,,,,,,,,,,,,,,,,,,,0,0,0,0,,,,,,,,,,,,,,,14,37831669,85,71428571,,,,,,,,,,,,,,,,,,,,,0,,,,,,,
2M-2-butene,0,311,704,70,1,666,1090088,0,406,15,0,0,0,0,6,139,0,0,,228,139,84,7,,0,0,0,0,100,100,0,0,139,,98,11,97,3,,,0,0,0,,0,0,,,,,0,,,,,,,,,,,,,,,,,,,,,,,,,,,,,,,,,,,,,,,,,,,,,,,,,,,,,,,,,,,,,,,,,,,,,,,,,,,,,,,,,,,,,,,,,,,,,,,,,0,0,0,0,,,,,,,,,,,,,,,14,37831669,85,71428571,,,,,,,,,,,,,,,,,,,,,0,,,,,,,
2M-13-C4==,0,307,204,68,1,684,8460083,0,,0,0,0,0,7,5,127,0,0,,219,127,81,,0,0,0,0,100,100,0,0,127,,118,6,99,1,,,0,0,0,,0,0,,,,,0,,,,,,,,,,,,,,,,,,,,,,,,,,,,,,,,,,,,,,,,,,,,,,,,,,,,,,,,,,,,,,,,,,,,,,,,,,,,,,,,,,,,,,,,,,,,,,,,,0,0,0,0,,,,,,,,,,,,,,,11,8404699,88,23529412,,,,,,,,,,,,,,,,,,,,,0,,,,,,,
tr2-Pentene,0,309,493,70,1,652,2630005,0,404,4833333,0,0,0,0,6,133,0,0,,225,133,85,14880659,,0,0,0,0,100,100,0,0,133,,106,7,100,3776273,,,0,0,0,,0,0,,,,,0,,,,,,,,,,,,,,,,,,,,,,,,,,,,,,,,,,,,,,,,,,,,,,,,,,,,,,,,,,,,,,,,,,,,,,,,,,,,,,,,,,,,,,,,,,,,,,,,,0,0,0,0,,,,,,,,,,,,,,,14,37831669,85,71428571,,,,,,,,,,,,,,,,,,,,,0,,,,,,,
cis2-Pentene,0,310,083,70,1,659,5750122,0,403,9277778,0,0,0,0,6,122,0,0,,226,122,85,14880659,,0,0,0,0,100,100,0,0,122,,104,4,100,3776273,,,0,0,0,,0,0,,,,,0,,,,,,,,,,,,,,,,,,,,,,,,,,,,,,,,,,,,,,,,,,,,,,,,,,,,,,,,,,,,,,,,,,,,,,,,,,,,,,,,,,,,,,,,,,,,,,,,,0,0,0,0,,,,,,,,,,,,,,,14,37831669,85,71428571,,,,,,,,,,,,,,,,,,,,,0,,,,,,,
Cyclopentane,0,322,398,70,13500214,748,8740234,0,289,95,0,0,0,0,6,179,0,0,,233,179,84,9,,100,100,0,0,0,0,0,0,179,,41,7,101,426,,,0,0,0,,0,0,,0,483269667509962,0,429891392256475,,0,,,,,,,,,,,,,,,,,,,,,,,,,,,,,,,,,,,,,,,,,,,,,,,,,,,,,,,,,,,,,,,,,,,,,,,,,,,,,,,,,,,,,,,,,,,,,,,,,0,0,0,0,,,,,,,,,,,,,,,14,37831669,85,71428571,,,,,,,,,,,,,,,,,,,,,0,,,,,,,
Cyclopentene,0,317,38,68,1,776,5159912,0,458,3722222,0,0,0,0,7,5,138,0,0,,244,138,69,7,,100,100,0,0,0,0,0,0,138,,81,04,93,3,,,0,0,0,,0,0,,,,,0,,,,,,,,,,,,,,,,,,,,,,,,,,,,,,,,,,,,,,,,,,,,,,,,,,,,,,,,,,,,,,,,,,,,,,,,,,,,,,,,,,,,,,,,,,,,,,,,,0,0,0,0,,,,,,,,,,,,,,,11,8404699,88,23529412,,,,,,,,,,,,,,,,,,,,,0,,,,,,,
22-Mpropane,0,282,648,72,2,595,5930176,0,291,7055556,0,0,0,0,5,257,0,0,,225,257,80,2,,0,0,0,0,0,0,100,100,257,,251,8,85,5,,,0,0,0,,0,0,,,,,0,,,,,,,,,,,,,,,,,,,,,,,,,,,,,,,,,,,,,,,,,,,,,,,,,,,,,,,,,,,,,,,,,,,,,,,,,,,,,,,,,,,,,,,,,,,,,,,,,100,100,0,0,,,,,,,,,,,,,,,16,75213296,83,33333333,,,,,,,,,,,,,,,,,,,,,0,,,,,,,
33M-1-butene,0,314,397,84,16,657,1190186,0,,0,0,0,0,6,,0,0,,241,15,157,95,93,3,,0,0,0,0,100,100,0,0,,,91,82,111,77,,,0,0,0,,0,0,,,,,0,,,,,,,,,,,,,,,,,,,,,,,,,,,,,,,,,,,,,,,,,,,,,,,,,,,,,,,,,,,,,,,,,,,,,,,,,,,,,,,,,,,,,,,,,,,,,,,,,0,0,0,0,,,,,,,,,,,,,,,14,3716,85,71428571,,,,,,,,,,,,,,,,,,,,,0,,,,,,,
H2O,0,373,148,18,01510048,997,9860229,0,,0,0,0,0,0,,0,0,,,,,,0,0,0,0,0,0,0,0,,,,,,,0,0,0,,0,0,,0,698140124178851,0,560124358458913,0,474686748589316,0,,,,,,,,,,,,,,,,,,,,,,,,,,,,,,,,,,,,,,,,,,,,,,,,,,,,,,,,,,,,,,,,,,,,,,,,,,,,,,,,,,,,,,,,,,,,,,,,,0,0,0,0,,,,,,,,,,,,,,0,279783740086422,11,18972388,0,,,,,,,,,,,,,,,,,,,,,0,,,,,,,
36-40C*,0,00394604993133802,313,149994,72,075846419608,651,529948960566,0,00739415060606848,222,491464181423,2,46126182981358,3,27719096664856,2,95770838033666E-05,1,05724066138653,3,61445131875269,153,127274211411,0,0,27,0063916561981,237,452880911821,154,127274211411,64,2461334734336,73,0032246734336,14,6903605076715,16,0462272436425,0,00280454060819784,1,06791985998639,0,0,82,8483776625149,80,6765817897089,152,127274211411,1,36517077127492,69,771486719745,65,9960631959577,74,7531543959577,39,2513053263052,0,0,00101723602907008,0,94,1972145768408,0,1,30202225328047E-07,90,0542620407365,0,336787252601009,0,308047851742198,0,28247864391165,0,799124430441106,0,0,0,0,0,0,0,0,0,0,0,0,0,0,0,0,0,0,0,0,0,0,0,0,11,5806875318104,11,632629924896,2,36797374760314,2,27944408000446,0,270962170123742,0,252354324461261,0,0,0,0,0,0,8,29379859857016,8,3035540174101,0,0117809639184236,0,0113800662591856,0,0,0,0,0,0,0,0,0,0,0,0,0,0,0,0,0,0,0,0,3,12195543838224,2,34783988950296,0,270962170123742,0,206619521404485,0,0,0,0,0,0,0,0,0,0,0,0,0,0,0,0,0,0,0,0,12,5585075370395,10,8637199487717,1,63166350270166,1,40943214868599,0,0117809639184236,0,0100820823892915,0,0,0,0,0,0,14,9061724546886,13,9910290463642,65,7704093350204,68,8573486161507,0,0,0,0,0,0,0,0,0,0,0,0,311,149997,0,338619944307051,16,0585471778907,83,8118172970136,0,0,0,0,0,0,0,0,0,0,0,0,0,3,66238961788032E-11,0,0,0,0,9,57515101722047E-11,0,0,0,0,0,49355,8231058844,44701,2141839838,0,
40-50C*,0,00739324750612446,323,149994,74,9429942866783,663,176126306386,0,0104667787260302,223,862916660624,3,0612460338398,4,01382534432816,3,64321998628089E-05,1,314670170434,3,64589025999047,157,406166821068,0,0,28,2368070128553,241,95145889631,158,406166821068,62,9049492721149,71,6620404721149,18,0951708406543,19,8505031159969,0,00345455233654906,1,32794966710505,0,0,78,8435831255059,76,135671539675,156,406166821068,1,37079830304102,53,8534496241554,64,660809395473,73,417900595473,37,6725190343231,0,0,00101136228204752,0,66,689087343625,0,5,85910013976211E-07,86,5667353942072,0,351111493777941,0,320104670471296,0,292676300630524,0,96144435288415,0,0,0,0,0,0,0,0,0,0,0,0,0,0,0,0,0,0,0,0,0,0,0,0,11,5806875197127,11,6326299120934,2,36797374512945,2,27944407749578,0,270962169840683,0,252354324183528,0,0,0,0,0,0,8,29379858990612,8,30355400827146,0,0117809639061167,0,0113800662466611,0,0,0,0,0,0,0,0,0,0,0,0,0,0,0,0,0,0,0,0,3,12195543512091,2,347839886919,0,270962169840683,0,206619521177086,0,0,0,0,0,0,0,0,0,0,0,0,0,0,0,0,0,0,0,0,12,5585075239204,10,8637199368154,1,63166350099716,1,40943214713481,0,0117809639061167,0,0100820823781955,0,0,0,0,0,0,10,3652621688969,9,98623447508058,65,770409370778,68,8573486504253,0,0,0,0,0,0,0,0,0,0,0,0,318,15,0,346603156927155,16,1369254916499,83,5385286764983,0,0,0,0,0,0,0,0,0,0,0,0,0,1,64807532804614E-10,0,0,0,0,4,30881795774921E-10,0,0,0,0,0,49181,5217856042,44583,0317254344,0,
50-60C*,0,0116266556043838,333,149994,79,1042467586175,679,254766860067,0,0126823837171026,225,91055796932,3,94171260419957,5,06466366323196,4,62252228048694E-05,1,51788811666037,3,69433616642677,163,032929493072,0,0,29,3119437222119,246,919469649669,164,032929493072,61,0001469547523,69,7572381547523,22,9851821555555,25,1079663942232,0,00438314051990794,1,53322031985896,0,0,73,0731052402449,69,8273699425449,162,032929493072,1,37877602511259,40,4588243352976,62,7533039662092,71,5103951662092,35,5886771653033,0,0,00100297121487243,0,46,9073840140768,0,1,23692114061645E-06,81,8841685896854,0,373998990247107,0,339434348758884,0,309155566262441,1,19332995637421,0,0,0,0,0,0,0,0,0,0,0,0,0,0,0,0,0,0,0,0,0,0,0,0,17,1998424961746,17,7377729619984,3,51695660399907,3,47576273222258,0,402437820358102,0,38479722489,0,0,0,0,0,0,12,3180967622654,12,6615010439978,0,0174972965373088,0,0173526565274738,0,0,0,0,0,0,0,0,0,0,0,0,0,0,0,0,0,0,0,0,4,63678358238683,3,58005465488058,0,402437820358102,0,315059464957776,0,0,0,0,0,0,0,0,0,0,0,0,0,0,0,0,0,0,0,0,18,6521181087712,16,5653166324527,2,42337557041727,2,1491431963488,0,0174972965373088,0,0153734529130579,0,0,0,0,0,0,20,6657650316956,20,5603272397298,49,1616049108493,52,5127780005151,0,0,0,0,0,0,0,0,0,0,0,0,328,15,0,358866395631623,16,1404503125175,83,5237869944978,0,0,0,0,0,0,0,0,0,0,0,0,0,3,4792701369863E-10,0,0,0,0,9,09639346635945E-10,0,0,0,0,0,48950,7045194079,44426,5294571161,0,
60-70C*,0,0157791403965716,343,149994,83,3433276307825,694,65374045668,0,0147522219132916,228,054351786409,4,84227334763465,6,10939442443219,5,60182457469298E-05,1,93764976470738,3,7470974248132,168,137262966216,0,0,29,8841621558412,252,357995291657,169,137262966216,58,9409957929573,67,6980869929573,27,8805963606986,30,1612865880642,0,00531172870326682,1,95722198455291,0,0,67,2771302916668,63,7293189875036,167,137262966216,1,38664003348079,29,583538417411,60,643458556736,69,400549756736,33,6913989631257,0,0,000994580147697348,0,32,7730229688828,0,1,88793226725668E-06,77,5422716934832,0,400082119915915,0,36153165288672,0,328148181713063,1,43281264900016,0,0,8,1615624851964E-05,8,59769978344781E-05,11,854860774924,12,6531139143423,14,1580965826958,14,8584744398714,0,0,0,0,0,0,0,0,0,0,0,0,0,0,0,0,20,1485219159212,21,3758397517882,4,11989105300117,4,18865137908816,0,471430319497647,0,463720210750445,0,0,0,0,0,0,14,4298671707105,15,258410281462,0,0204969704129412,0,0209117348606153,0,0,0,0,0,0,0,0,0,0,0,0,0,0,0,0,0,0,0,0,5,4316971594294,4,31433386645112,0,471430319497647,0,379679041424758,0,0,0,0,0,0,0,0,0,00314632124419078,0,00293148730156475,0,0,0,0,0,0,0,0,0,0,21,8497704601953,19,9629093534776,2,83883040219235,2,58993847013487,0,0204969704129412,0,01852659105544,0,0,0,0,0,0,40,9909528424939,43,275726837687,22,7383661450097,24,0014034539798,0,0,0,0,0,0,0,0,0,0,0,0,338,15,0,372230174925068,16,03728933115,83,6151059064291,0,0,0,0,0,0,0,0,0,0,0,0,0,5,31046494592646E-10,0,0,0,0,1,38839689749697E-09,0,0,0,0,0,48739,6613764906,44283,4347436058,0,
70-80C*,0,0214071086316621,353,149994,87,6612010285794,709,348261136911,0,0167521246273138,230,286635490306,5,75434863775719,7,14318767015724,6,58112686889902E-05,2,38302872949593,3,80435039582705,172,773907419643,0,0,30,1739416302765,261,223747297896,173,773907419643,56,8769057573608,65,6339969573608,32,753807275022,35,0152936552916,0,0062403168866257,2,40709972676357,0,0,61,4918440872208,57,8415186745512,171,773907419643,1,39434410871733,21,0531384732705,58,5106879278302,67,2677791278302,31,9658167264254,0,0,000986189080522263,0,22,7403242732689,0,2,53894339389692E-06,73,5282827643449,0,429792933027414,0,386757589952193,0,349979895281344,1,65961365574577,0,0,0,0,0,0,0,0,0,746129071706829,0,79793644058543,0,234692390225871,0,251349109817747,0,0,0,0,0,0,0,0,0,0,0,0,20,1485219159212,22,0853378837215,4,11989105300117,4,32767938282,0,471430319497647,0,479111822359042,0,0,0,0,0,0,14,4298671707105,15,764861195984,0,0204969704129412,0,0216058286127847,0,0,0,0,0,0,0,0,0,0,0,0,0,0,0,0,0,0,0,0,5,4316971594294,4,45753347190883,0,471430319497647,0,392281192907603,0,0,0,0,0,0,0,0,23,923603540642,23,0299191971894,1,11176029191417,1,02949550831418,0,0,0,0,0,0,0,0,21,8497704601953,20,6255100774122,2,83883040219235,2,67590264874587,0,0204969704129412,0,0191415180897722,0,0,0,0,0,0,3,68135417301272,3,83739385896758,54,1601645015385,57,6544502282532,0,0,0,0,0,0,0,0,0,0,0,0,348,15,0,386805784320009,15,8501299238453,83,7901243391854,0,0,0,0,0,0,0,0,0,0,0,0,0,7,14165975486662E-10,0,0,0,0,1,86715444835799E-09,0,0,0,0,0,48546,81651004,44152,6791050419,0,
80-90C*,0,0314506588188384,363,149994,92,0600598726153,723,313542941446,0,0199561625119965,232,600766040247,6,66908755875041,8,1612134426355,7,56042916310506E-05,2,85106518147592,3,88136763471296,176,9976030325,0,0,30,3259153824897,268,141955218325,177,9976030325,55,0193344233626,63,7764256233626,37,5780960328245,39,6748175536768,0,00716890506998459,2,87986381967265,0,0,55,7528164084251,52,1639690036877,175,9976030325,1,40184179819371,14,4139823059403,56,6091629905922,65,3662541905922,30,3990410354172,0,0,000977798013347178,0,15,6673092791443,0,3,18995452053715E-06,69,8300568384914,0,463626663243677,0,415520442750536,0,375014374943261,1,87327427268589,0,0,0,0,0,0,0,0,0,0293051974132355,0,0313265842046837,0,854440584044467,0,914690704925102,0,0,0,0,1,34241312632764,1,39167358902972,3,53237101974811,3,75068723337039,0,000678123022644926,0,000710998651975339,7,49782673039745E-13,7,73835313876674E-13,20,1485219159212,22,075883937632,4,11989105300117,4,32582685750238,0,471430319497647,0,47890673166207,0,0,0,0,0,0,14,4298671707105,15,7581128207208,0,0204969704129412,0,0215965799275257,0,0,0,0,0,0,0,0,0,0,0,0,0,0,0,0,0,0,0,0,5,4316971594294,4,4556253606833,0,471430319497647,0,392113271308704,0,0,0,0,0,0,0,0,0,0,10,0681930349882,9,31920543152527,0,0,0,0,0,0,0,0,21,8497704601953,20,6166810315825,2,83883040219235,2,67475719018349,0,0204969704129412,0,0191333242880271,0,0,0,0,0,0,14,880480999871,15,5390089920094,37,2834880038167,40,2138074164157,0,0,0,0,0,0,0,0,0,0,0,0,358,15,0,402717847605221,15,6002926951069,84,027834023543,0,0,0,0,0,0,0,0,0,0,0,0,0,8,97285456380677E-10,0,0,0,0,2,34591199921902E-09,0,0,0,0,0,48370,8037538559,44033,3362324323,0,
90-100C*,0,036575357073594,373,149994,96,7354559573221,736,524799910969,0,023880518423479,234,990982444639,7,57752804227478,9,15864178409538,8,53973145731111E-05,3,33879929109727,3,96825010092764,180,863089983931,0,0,30,4376554619527,275,043226968107,181,863089983931,53,3608354167387,62,1179266167387,42,3281088007463,44,1446882409917,0,00809749325334347,3,37252453646188,0,0,50,0943631569789,46,696669974913,179,863089983931,1,40908669263477,9,13786851802737,54,9293149577808,63,6864061577808,28,979893900735,0,0,000969406946172094,0,10,7156648150324,0,3,84096564717739E-06,66,4362245421339,0,502152798479653,0,448282994264562,0,403658024620429,2,07821020067927,0,0,0,0,0,0,0,0,0,0,0,0,0,0,0,0,2,52895390415748,2,49943263139328,15,9051133970054,16,1001763767889,23,6540659666489,23,6436988230939,1,5149292395745,1,49057838644987,0,0,0,0,0,0,0,0,0,0,0,0,0,0,0,0,0,0,0,0,0,0,0,0,0,0,0,0,0,0,0,0,0,0,0,0,0,38,0,297170737774454,0,0,0,0,0,0,0,0,0,0,0,0,0,0,0,0,0,0,0,0,0,0,0,0,0,0,0,0,0,0,0,0,0,0,21,0059103395642,22,5159452125913,25,6907596353487,27,5784179443876,0,0,0,0,0,0,0,0,0,0,0,0,368,15,0,420106259391008,15,3072267122175,84,3090855403812,0,0,0,0,0,0,0,0,0,0,0,0,0,1,08040493727469E-09,0,0,0,0,2,82466955008004E-09,0,0,0,0,0,48210,438338452,43924,602810171,0,
100-110C*,0,0345870594818428,383,149994,101,600211778914,748,957246086168,0,0278048743349614,237,452292758886,8,47075293626108,10,1306427367653,9,51903375151715E-05,3,84327122880986,4,00482319140618,184,42510845308,0,0,30,5767069755343,281,929104575811,185,42510845308,52,0711703224841,60,8282615224841,46,9802789538644,48,4297356750076,0,00902608143670235,3,88209215031299,0,0,44,5489681098746,41,4396215882271,183,42510845308,1,41603275857607,6,76320973666146,53,6750786074789,62,4321698074789,27,6986895065463,0,0,000961015878997009,0,7,27405367643317,0,4,49197677381762E-06,63,3362957612453,0,546028397061021,0,485571028964039,0,436365514546967,2,27883714058465,0,0,0,0,0,0,0,0,0,0,0,0,0,0,0,0,0,0,0,0,0,0,0,0,0,0,0,0,0,0,0,0,0,0,0,0,0,0,0,0,0,0,0,0,0,0,0,0,0,0,0,0,0,0,0,0,0,0,0,0,0,38,0,332762261418832,0,0,0,0,0,0,0,0,0,0,0,0,0,0,0,0,0,0,0,0,0,0,0,0,0,0,0,0,0,0,0,0,0,0,41,3896895651431,44,4928048908411,0,049932023084047,0,0561632190334456,0,0,0,0,0,0,0,0,0,0,0,0,378,15,0,439128457771682,14,9882363879621,84,6168617192498,0,0,0,0,0,0,0,0,0,0,0,0,0,1,26352441816871E-09,0,0,0,0,3,30342710094106E-09,0,0,0,0,0,48064,6936517361,43825,7827589579,0,
110-120C*,0,034332910147139,393,149994,106,636927784915,760,586095507728,0,0317292302464439,239,980381098849,9,34003610748171,11,0723863428736,0,000104983360457232,4,36152116506362,4,08180661970275,187,738398619092,0,0,30,7910987570979,288,800875057926,188,738398619092,50,611268888717,59,368360088717,51,5131802128914,52,5347898134963,0,00995466962006123,4,40557693440769,0,0,39,1467836796268,36,3928238436301,186,738398619092,1,42263472047916,6,50296821002538,52,1963744564718,60,9534656564718,26,5470537897667,0,0,000952624811821924,0,4,89968911879822,0,5,14298790045785E-06,60,5207257782736,0,59601412914294,0,527983326767547,0,473646097459861,2,47957079326079,0,0,0,0,0,0,0,0,0,0,0,0,0,0,0,0,0,0,0,0,0,0,0,0,0,0,0,0,0,0,0,0,0,0,0,0,0,0,0,0,0,0,0,0,0,0,0,0,0,0,0,0,0,0,0,0,0,0,0,0,0,38,0,321827376279667,0,0,0,0,0,0,0,0,0,0,0,0,0,0,0,0,0,0,0,0,0,0,0,0,0,0,0,0,0,0,0,0,0,0,36,3928238436301,39,1467836796268,0,0,0,0,0,0,0,0,0,0,0,0,0,0,388,15,0,45996210085847,14,6578128643929,84,9330515716614,0,0,0,0,0,0,0,0,0,0,0,0,0,1,44664389906272E-09,0,0,0,0,3,78218465180209E-09,0,0,0,0,0,47983,5942067542,43766,2634628116,0,
120-130C*,0,0361583067548588,403,149994,111,698787731775,770,630125887224,0,0356535861579263,242,611543888145,10,0796530487363,11,8455011132885,0,000114776383399292,4,89058927030844,4,16416356401325,190,857700661112,0,0,31,422982928171,295,659628714321,191,857700661112,49,5204373454533,58,2775285454533,53,4440283628251,54,2695804451648,0,0108832578034201,4,93998916192772,0,0,36,4763185884387,33,8849184415467,189,857700661112,1,42843071085491,6,24778515459541,51,1241444134913,59,8812356134913,25,5954123065941,0,00279929249113464,0,00094423374464684,0,3,27410946973025,0,5,79399902709809E-06,58,1732942666383,0,652993628247561,0,576203394887639,0,516070773489272,2,68482685956642,0,0,0,0,0,0,0,0,0,0,0,0,0,0,0,0,0,0,0,0,0,0,0,0,0,0,0,0,0,0,0,0,0,0,0,0,0,0,0,0,69,3197051068301,71,5616313275606,0,0,0,0,0,0,0,0,0,0,0,0,0,0,0,0,0,0,0,38,0,313665168230981,0,0,0,0,0,0,0,0,0,0,0,0,0,0,0,0,0,0,0,0,0,0,0,0,0,0,0,0,0,0,0,0,0,0,0,0,33,8849184415467,36,4763185884387,0,0,0,0,0,0,0,0,0,0,0,0,398,15,0,482808230446828,14,3615752719403,85,218717046552,0,0,0,0,0,0,0,0,0,0,0,0,0,1,62976337995674E-09,0,0,0,0,4,26094220266311E-09,0,0,0,0,0,47861,9690144631,43681,1931713457,0,
130-140C*,0,0352467273361623,413,149994,116,951206278923,779,052216114629,0,0395779420694087,245,340429457167,10,6949528858881,12,4426447161742,0,000124569406341353,5,42751571499424,4,25207038501498,193,837754758285,0,0,32,4864545983012,302,506300924676,194,837754758285,48,6142680622638,57,3713592622638,52,769210426924,53,696320789445,0,011811845986779,5,48233910605479,0,0,36,5358366871879,33,8610344943808,192,837754758285,1,4333520378872,5,99771301597607,50,2353161259715,58,9924073259715,24,8333812706649,0,00843498176913367,0,000901555871800703,0,2,16992315290012,0,6,44501015373833E-06,56,2799972599548,0,717996866043764,0,631013214078793,0,564280351424957,2,89902104036031,0,0,0,0,0,0,0,0,0,0,0,0,0,0,0,0,0,0,0,0,0,0,0,0,0,0,0,0,0,0,6,2239781450558E-16,6,90271494084411E-16,0,0,0,0,0,0,0,0,0,0,0,0,0,0,0,0,0,0,0,0,0,0,0,0,0,0,0,0,0,38,0,345927999111258,0,0,8,96923180909609,8,30920557077734,4,20785010620585E-18,3,82641866833302E-18,9,31120530282361,8,65249416641008,9,3158898356092,8,59909721173301,0,0,0,0,27,5963269475289,25,5607969489204,0,0,0,0,0,0,0,0,0,0,0,0,0,0,0,0,0,0,33,8610344943808,36,5358366871879,0,0,0,0,0,0,0,0,0,0,0,0,0,0,408,15,0,507895025571497,14,114907575836,85,4588086482216,0,0,0,0,0,0,0,0,0,0,0,0,0,1,81288286085076E-09,0,0,0,0,4,73969975352413E-09,0,0,0,0,0,47750,9187355009,43601,0287066924,0,
140-150C*,0,032628005260864,423,149994,122,397030491499,786,790719162584,0,0435022979808912,248,113443551307,11,3118520572367,13,029405414946,0,000134362429283413,5,96934066957091,4,34570344338524,196,733301089755,0,0,33,6137222989071,309,341702896494,197,733301089755,47,8660518862853,56,6231430862854,52,0870286168813,53,1334440378392,0,0127404341701379,6,02963703997062,0,0,36,601119325882,33,8371505472149,195,733301089755,1,43789137733043,5,75280214706209,49,5203208066711,58,2774120066711,24,1569723323384,0,0139563321630512,0,00082826791565847,0,1,42597351899186,0,7,09602128037856E-06,54,5893129004465,0,792228420039694,0,693309308124036,0,618994430463855,3,12656903650119,0,0,0,0,0,0,0,0,0,0,0,0,0,0,0,0,0,0,0,0,0,0,0,0,0,0,0,0,0,0,80,023163737871,82,611760414209,0,0,0,0,0,0,0,0,0,0,2,4465449860228,2,53927812750793,0,0,0,0,0,0,0,0,0,0,0,0,0,0,0,0,0,38,0,322003056816983,0,0,0,614991934896386,0,530332149181714,16,5269420498018,13,9893974775924,0,00831063948223593,0,00718859696559443,2,3642438912548E-13,2,03139822997189E-13,0,0,0,0,17,1502446241807,14,5269182237399,4,66519254872698E-05,4,01777261666058E-05,0,0,0,0,0,0,0,0,0,0,0,0,0,0,0,0,31,3906055611921,34,0618411983741,2,4465449860228,2,53927812750793,0,0,0,0,0,0,0,0,0,0,0,0,418,15,0,53548227330389,13,8850456272353,85,6831052420912,0,0,0,0,0,0,0,0,0,0,0,0,0,1,99600234174477E-09,0,0,0,0,5,21845730438516E-09,0,0,0,0,0,47642,3110323606,43520,9702918773,0,
150-160C*,0,0296458113515951,433,149994,128,039348309558,794,024807342557,0,0474266538923736,250,919332026935,11,954289549748,13,636995153974,0,000144155452225474,6,51310430448838,4,44523909980133,199,599079834667,0,0,34,7520376145118,316,166544788216,200,599079834667,47,0658764028979,55,8229676028979,51,3834828530915,52,549738245977,0,0136690223534968,6,57889323685694,0,0,36,6622275971605,33,813266600049,198,599079834667,1,44213678623845,5,51310065825743,48,730569337047,57,487660537047,23,5443491990622,0,0193633436728871,0,000754979959516236,0,0,928922263560238,0,7,74703240701879E-06,53,0498483962214,0,877101694435178,0,764121477167087,0,681021292068536,3,37188654884781,0,0,0,0,0,0,0,0,0,0,0,0,0,0,0,0,0,0,0,0,0,0,0,0,0,0,0,0,0,0,0,0,0,0,0,0,0,0,0,0,0,0,15,1661735763856,16,8250994934519,0,0,0,0,0,0,0,0,0,0,0,0,0,0,0,0,0,38,0,344179141833718,0,0,0,0,0,0,0,0,0,0,0,0,0,0,0,0,21,7093833468114,19,9842485072052,0,0,0,0,0,0,0,0,0,0,62,744443076803,62,8464728575091,0,0,0,0,18,6470930236633,19,8371281037086,15,1661735763856,16,8250994934519,0,0,0,0,0,0,0,0,0,0,0,0,428,15,0,558573558724069,13,6676741734029,85,8954279207062,0,0,0,0,0,0,0,0,0,0,0,0,0,2,17912182263879E-09,0,0,0,0,5,69721485524618E-09,0,0,0,0,0,47535,6031166336,43441,0850762978,0,
160-170C*,0,0300618945967968,443,149994,133,877396460947,800,933652966016,0,0513510098038561,253,747731287814,12,6464074755145,14,2966258776285,0,000153948475167534,7,05584679019653,4,55085371494056,202,489831172165,0,0,35,8485318822329,322,981453432259,203,489831172165,46,106910951537,54,864002151537,50,6448116409136,51,9139914694885,0,0145976105368556,7,12711796989548,0,0,36,708780883572,33,789382652883,201,489831172165,1,44618194190173,5,27865426312549,47,7416674829607,56,4987586829607,22,9754034977151,0,0246560162986416,0,000681692003374002,0,0,599691777132532,0,8,39804353365903E-06,51,6131497994433,0,974280385554828,0,844634564251102,0,75126864309717,3,63938927825892,0,0,0,0,0,0,0,0,0,0,0,0,0,0,0,0,0,0,0,0,0,0,0,0,0,0,0,0,0,0,0,0,5,54577061290967E-05,6,0156091232937E-05,0,0,0,0,0,0,0,0,0,0,9,24798571025153E-06,1,00721909441069E-05,0,0,0,0,0,0,0,0,0,0,0,0,0,0,0,38,0,343745410840575,0,0,0,0,0,0,0,0,0,0,0,0,0,0,0,0,0,0,0,0,0,0,0,0,0,0,0,0,99,619934884476,99,6561843608772,0,0,0,0,33,7893734048973,36,708770811381,9,24798571025153E-06,1,00721909441069E-05,0,0,0,0,0,0,0,0,0,0,0,0,438,15,0,57924150211663,13,4570137176389,86,1010420549215,0,0,0,0,0,0,0,0,0,0,0,0,0,2,3622413035328E-09,0,0,0,0,6,17597240610721E-09,0,0,0,0,0,47429,4206853326,43360,629814301,0,
170-180C*,0,0301972611282325,453,149994,139,905761093487,807,696428344427,0,0552753657153385,256,589012758958,13,4123183515852,15,0395095302794,0,000163741498109594,7,59460829714527,4,66272364948022,205,460295281395,0,0,36,8503647098024,329,786986146791,206,460295281395,45,1508669050771,53,9079581050771,49,8576612167971,51,1949917640035,0,0155261987202145,7,67132151226795,0,0,36,7300204316177,33,7654987057171,204,460295281395,1,4501249272887,5,04950611959061,46,7527656288743,55,5098568288743,22,4314530089142,0,0298343500403145,0,000608404047231769,0,0,383559308039418,0,0,000249026334462835,50,2332732292751,1,08572876237025,0,936213646457067,0,830755085265481,3,93349292559326,0,0,0,0,0,0,0,0,0,0,0,0,0,0,0,0,0,0,0,0,0,0,0,0,0,0,0,0,0,0,0,0,84,460937345494,84,6377160807391,0,0,0,0,0,0,0,0,0,0,12,7323162166395,12,8107497580652,0,0,0,0,0,0,0,0,0,0,0,0,0,0,0,31,0,259062968426642,0,0,0,0,0,0,0,0,0,0,0,0,0,0,0,0,0,0,6,94035970638498E-10,5,91169077894575E-10,0,0,0,0,0,0,0,0,0,0,2,49674643717243,2,29247119217793,0,0,21,0331824890776,23,9192706735525,12,7323162166395,12,8107497580652,0,0,0,0,0,0,0,0,0,0,0,0,448,15,0,603082496635623,13,2467666012305,86,3094715868521,0,0,0,0,0,0,0,0,0,0,0,0,0,7,00473021576703E-08,0,0,0,0,1,83135484338981E-07,0,0,0,0,0,47321,7782269372,43278,2656548263,0,
180-190C*,0,0295128916308844,463,149994,146,11344085796,814,492305789258,0,0558230680954575,259,434184117377,14,6021148680384,15,896858056297,0,000173534521051655,8,10533827277257,4,78923228122339,209,14437916241,0,0,37,7051362406327,336,583641658298,210,14437916241,44,1941608172888,52,9512520172888,54,1421389702728,56,0206612485132,0,0164547869035734,8,18721037653795,0,0,31,2557461616887,28,0824806951897,208,14437916241,1,45406745152008,4,82569666684509,45,7638637747879,54,5209549747879,21,895050026108,0,0348983448979059,0,000535116091089535,0,0,242975333809528,0,0,000565436924277021,48,8665160858429,1,21377266748294,1,04043305200452,0,920622098173266,4,3105216024964,0,0,0,0,0,0,0,0,0,0,0,0,0,0,0,0,0,0,0,0,0,0,0,0,0,0,0,0,0,0,0,0,0,0,0,0,0,0,0,0,0,0,0,0,0,0,0,0,0,0,0,0,0,0,0,0,0,0,0,0,0,31,0,287820513227821,0,0,0,0,0,0,0,0,0,0,0,0,0,0,0,0,0,0,26,8717353752416,25,4297358822593,0,0,0,0,0,0,0,0,0,0,72,8182562544784,74,2824345084022,8,37028004443347E-06,9,09611064023926E-06,28,0824806951897,31,2557461616887,0,0,0,0,0,0,0,0,0,0,0,0,0,0,458,15,0,630598363766574,13,0281197717113,86,5192506004609,0,0,0,0,0,0,0,0,0,0,0,0,0,1,59048765550727E-07,0,0,0,0,4,15825760813542E-07,0,0,0,0,0,47210,2240925137,43192,1994185114,0,
190-200C*,0,0294124863942856,473,149994,152,482780334235,821,500457611976,0,0628985874153625,262,274837936231,15,8470963096269,16,8998834000514,0,000183327543993715,8,61306151632893,4,91966633336576,212,828344432117,0,0,38,361563959022,343,371868852483,213,828344432117,43,2332092419428,51,9903004419428,58,1909642059592,60,1026219081548,0,0173833750869323,8,70006213770599,0,0,25,961939484414,22,9974946917938,211,828344432117,1,45811452245709,4,60726345815307,44,7749619207015,53,5320531207016,21,3498817103897,0,0398480008714158,0,000461828134947301,0,0,152398580138068,0,0,000881847514091207,47,4712925964671,1,36117354257272,1,15910959513445,1,02214620922528,4,76604582282222,0,0,0,0,0,0,0,0,0,0,0,0,0,0,0,0,0,0,0,0,0,0,0,0,0,0,0,0,0,0,0,0,0,0,34,8327869710231,35,1047276561933,0,0,0,0,0,0,0,0,0,0,3,87030966344701,3,90714998950755,0,0,0,0,0,0,0,0,0,0,0,0,0,0,0,0,0,0,0,0,0,0,0,0,0,0,0,0,0,0,0,0,0,0,0,0,0,0,0,0,0,0,0,0,0,0,61,2969033655298,60,9881223542991,19,1271850283468,22,0547894949064,3,87030966344701,3,90714998950755,0,0,0,0,0,0,0,0,0,0,0,0,468,15,0,662404010062345,12,7937685239778,86,7424559380258,0,0,0,0,0,0,0,0,0,0,0,0,0,2,48050228943783E-07,0,0,0,0,6,48516037288103E-07,0,0,0,0,0,47091,9351615589,43100,2756270911,0,
200-210C*,0,0296205324001257,483,149994,158,803866267034,830,316611436552,0,0753302128916289,265,038421232657,17,2148631823279,18,1859938522518,0,000193120566935776,9,1182815863732,5,05285446098408,216,471824075874,0,0,38,2545502482466,350,152073867354,217,471824075874,42,2360976265595,50,9931888265595,61,6772606112213,63,1759814464251,0,0183119632702912,9,21038544078101,0,0,21,1078762064508,18,638024701323,215,471824075874,1,46321928836744,4,39424098978377,43,7860600666152,52,5431512666152,20,6551742977724,0,0444947886878165,0,000388540178805068,0,0,0946120787502722,0,0,00119825810390539,45,6844027191749,1,5312182521181,1,29434038143948,1,13675087957707,5,24306666142745,0,0,0,0,0,0,0,0,0,0,0,0,0,0,0,0,0,0,0,0,0,0,0,0,0,0,0,0,0,0,0,0,0,0,3,19269402435614E-14,3,69731458121558E-14,0,0,0,0,0,0,0,0,0,0,1,77371890242008E-15,2,05755230017487E-15,0,0,0,0,0,0,0,0,0,0,0,0,0,0,0,0,0,0,0,0,0,0,0,0,0,0,0,0,0,0,0,0,0,0,84,5176263392093,84,4900594748131,0,0,0,0,0,0,0,0,0,0,0,0,18,638024701323,21,1078762064508,0,0,0,0,0,0,0,0,0,0,0,0,0,0,478,15,0,699257439682935,12,4648968408176,87,0525166699808,0,0,0,0,0,0,0,0,0,0,0,0,0,3,37051692336839E-07,0,0,0,0,8,81206313762664E-07,0,0,0,0,0,46938,8899999023,42980,5005779506,0,
210-220C*,0,0298697215882321,493,149994,165,266114088391,839,211651900394,0,0880856810077208,267,807021921885,18,5789046321253,19,6433442913825,0,000202913589877836,9,62099848290537,5,18782126851699,220,048279168739,0,0,38,0502383196515,356,924625903101,221,048279168739,41,237408278391,49,994499478391,64,5452877429275,65,3525849848401,0,01924055145365,9,718180285763,0,0,16,8758076249472,15,0040707237774,219,048279168739,1,46837199643653,4,18666052635124,42,7971582125288,51,5542494125288,19,9702020778704,0,0491255151218439,0,000427315213276114,0,0,0581180077396885,0,0,00151466869371958,43,9127247535898,1,72782802577104,1,44854545421746,1,26601745724164,5,73813043571455,0,0,0,0,0,0,0,0,0,0,0,0,0,0,0,0,0,0,0,0,0,0,0,0,0,0,0,0,0,0,0,0,0,0,0,0,0,0,0,0,0,0,0,0,0,0,0,0,0,0,0,0,0,0,0,0,0,0,0,0,0,0,0,0,0,0,0,0,0,0,0,0,0,0,0,0,0,0,0,0,0,0,0,0,0,0,0,0,0,0,0,0,0,0,0,0,15,0040707237774,16,8758076249472,0,0,0,0,0,0,0,0,0,0,0,0,0,0,488,15,0,742099654405332,12,1265441165677,87,3703953082195,0,0,0,0,0,0,0,0,0,0,0,0,0,4,26053155729895E-07,0,0,0,0,1,11389659023723E-06,0,0,0,0,0,46780,1999237491,42855,4784308222,0,
220-230C*,0,0310651223267036,503,149994,171,900903655696,847,954763857953,0,100841149123813,270,590685390576,19,9011673970442,21,2724051317705,0,000212706612819897,10,1212122059254,5,32359136040311,223,53117078577,0,0,37,8402428901928,363,689862026194,225,623106500023,40,2417575003481,48,9988487003481,66,7206358336278,66,6319621090725,0,0201691396370089,10,223446672652,0,0,13,378196769328,12,0956327591569,222,53117078577,1,47343125939884,3,98454992288707,41,8082563584424,50,5653475584424,19,314456005224,0,0537562415558714,0,000471663769245362,0,0,0353116644106493,0,0,00183107928353377,42,2074967276307,1,95569046507829,1,62451541031061,1,41169433479682,6,24778346308597,0,0,0,0,0,0,0,0,0,0,0,0,0,0,0,0,0,0,0,0,0,0,0,0,0,0,0,0,0,0,0,0,0,0,0,0,0,0,0,0,0,0,0,0,0,0,0,0,0,0,0,0,0,0,0,0,0,0,0,0,0,0,0,0,0,0,0,0,0,0,0,0,0,0,0,0,0,0,0,0,0,0,0,0,0,0,0,0,0,0,0,0,0,0,0,0,12,0956327591569,13,378196769328,0,0,0,0,0,0,0,0,0,0,0,0,0,0,498,15,0,792108290756121,11,7917570980983,87,6839519821983,0,0,0,0,0,0,0,0,0,0,0,0,0,5,15054619122951E-07,0,0,0,0,1,34658686671179E-06,0,0,0,0,0,46620,5294918957,42728,9824838405,0,
230-240C*,0,0330025298488373,513,150024,178,732908702405,856,421554338296,0,113596617239905,273,394076945123,21,6436429194441,23,0816282627217,0,000222499635761957,39,563788664491,5,44730985125822,226,548686194549,0,0,37,6717380358093,370,448091176164,233,922631744115,39,2516331518496,48,0087243518496,66,0407741125289,65,7459910700456,0,0210977278203678,47,480392760899,0,0,12,315582968027,11,1723806672327,225,548686194549,1,4783150224243,3,78793344402562,40,819354504356,49,576445704356,18,6969881231182,0,0568997664168363,0,000516012325214609,0,0,021213230353765,0,00140651518802453,0,00214748987334795,40,5936326677519,2,22041925981276,1,82546389047525,1,57570320060895,6,76857206094418,0,0,0,0,0,0,0,0,0,0,0,0,0,0,0,0,0,0,0,0,0,0,0,0,0,0,0,0,0,0,0,0,0,0,0,0,0,0,0,0,0,0,0,0,0,0,0,0,0,0,0,0,0,0,0,0,0,0,0,0,0,0,0,0,0,0,0,0,0,0,0,0,0,0,0,0,0,0,0,0,0,0,0,0,0,0,0,0,0,0,0,0,0,0,0,0,11,1723806672327,12,315582968027,0,0,0,0,0,0,0,0,0,0,0,0,0,0,508,15,0,850770605428724,11,4683519960057,87,9859192236938,0,0,0,0,0,0,0,0,0,0,0,0,0,6,04056082516008E-07,0,0,0,0,1,57927714318635E-06,0,0,0,0,0,46584,0876076092,42714,6573935441,0,
240-250C*,0,0348414217620992,523,150024,185,828285250148,864,246147843013,0,126352085355997,276,231661901827,23,857151062331,25,2076451887683,0,00128684040207739,61,8303401196751,5,56761011215965,229,42343382538,0,0,37,668347962918,377,199597533784,242,258516184532,38,2743527428636,47,0314439428636,64,5892225144707,64,3507374397337,0,122020013463426,89,2061329284392,0,0,11,5536264231982,10,4416173714979,228,42343382538,1,4827876057083,3,59683158073947,39,8304526502697,48,5875438502697,18,1458653275304,0,066302056995508,0,000560360881183857,0,0,0125952540633132,0,00813466756422844,0,00246390046316214,39,1464755142964,2,52874701809799,2,05508451901824,1,76014099430311,7,29704254669163,0,0,0,0,0,0,0,0,0,0,0,0,0,0,0,0,0,0,0,0,0,0,0,0,0,0,0,0,0,0,0,0,0,0,0,0,0,0,0,0,0,0,0,0,0,0,0,0,0,0,0,0,0,0,0,0,0,0,0,0,0,0,0,0,0,0,0,0,0,0,0,0,0,0,0,0,0,0,0,0,0,0,0,0,0,0,0,0,0,0,0,0,0,0,0,0,10,4416173714979,11,5536264231982,0,0,0,0,0,0,0,0,0,0,0,0,0,0,518,15,0,919984112547688,11,1762725717564,88,2577574375201,0,0,0,0,0,0,0,0,0,0,0,0,0,6,93057545909064E-07,0,0,0,0,1,81196741966091E-06,0,0,0,0,0,46452,4022903103,42611,4522155325,0,
250-260C*,0,0388115921057655,533,150024,193,220154912744,871,356126058739,0,139107553472088,279,104783191397,26,4401587326792,27,6313281583431,0,00235118116839282,84,0968915748592,5,6863983257474,232,24723904918,0,0,37,8486852792521,383,944643372887,250,068719203896,37,3113646396574,46,0684558396574,63,7613168410563,63,5635371271526,0,222942299106484,130,931873095979,0,0,9,79852442626446,8,80513471450427,231,24723904918,1,48679123887747,3,41126086512508,38,8415507961833,47,5986419961833,17,663693292316,0,0791269856986982,0,000604709437153104,0,0,00738824050957575,0,0148628199404324,0,00278031105297632,37,8751900850387,2,88875740178939,2,31761140073318,1,96727588062889,7,82974123773077,0,0,0,0,0,0,0,0,0,0,0,0,0,0,0,0,0,0,0,0,0,0,0,0,0,0,0,0,0,0,0,0,0,0,0,0,0,0,0,0,0,0,0,0,0,0,0,0,0,0,0,0,0,0,0,0,0,0,0,0,0,0,0,0,0,0,0,0,0,0,0,0,0,0,0,0,0,0,0,0,0,0,0,0,0,0,0,0,0,0,0,0,0,0,0,0,8,80513471450427,9,79852442626446,0,0,0,0,0,0,0,0,0,0,0,0,0,0,528,15,1,00219736294341,10,9201541341568,88,4952152701403,0,0,0,0,0,0,0,0,0,0,0,0,0,7,8205900930212E-07,0,0,0,0,2,04465769613547E-06,0,0,0,0,0,46331,1361074129,42516,0932957951,0,
260-270C*,0,0362280964863483,543,150024,200,883461303127,878,032058445831,0,15186302158818,282,000404870668,28,6777276625614,30,1461946843355,0,00341552193470825,106,363443030043,5,80423926312212,235,636219440623,0,0,38,1166231988331,377,071287725423,258,455973737508,36,3570574530238,45,1141486530238,61,9770121785131,61,3631590160979,0,323864584749542,172,65761326352,0,0,9,34526015892548,8,49064629956667,234,070082646851,1,49049243401535,3,2312336838066,37,8526489420969,46,6097401420969,17,2251785186588,0,0934813909130366,0,000649057993122351,0,0,00427979722025108,0,0215909723166363,0,00309672164279051,36,7148117026479,3,31016351952861,2,61788164791274,2,199535260223,8,32040501921884,0,0,0,0,0,0,0,0,0,0,0,0,0,0,0,0,0,0,0,0,0,0,0,0,0,0,0,0,0,0,0,0,0,0,0,0,0,0,0,0,0,0,0,0,0,0,0,0,0,0,0,0,0,0,0,0,0,0,0,0,0,0,0,0,0,0,0,0,0,0,0,0,0,0,0,0,0,0,0,0,0,0,0,0,0,0,0,0,0,0,0,0,0,0,0,0,8,49064629956667,9,34526015892548,0,0,0,0,0,0,0,0,0,0,0,0,0,0,538,15,1,10060998703788,10,6862287196822,88,7111895200044,0,0,0,0,0,0,0,0,0,0,0,0,0,8,71060472695176E-07,0,0,0,0,2,27734797261003E-06,0,0,0,0,0,46216,6021534946,42425,8580412452,0,
270-280C*,0,0269066549151142,553,150024,208,827326767084,884,298366875432,0,164618489704272,284,916631237532,30,84134368162,32,6817164310472,0,00447986270102368,128,629994485227,5,92169769538444,240,887307381342,0,0,38,4637768815158,381,92947140677,266,726769792084,35,4109427455401,44,1680339455401,60,2018338596383,59,0743504820119,0,424786870392601,214,38335343106,0,0,8,95682245874165,8,24393308694089,236,941945399298,1,49390079527097,3,05675809059807,36,8637470880106,45,6208382880106,16,8266427963612,0,108930048023683,0,000693406549091599,0,0,00244713928527653,0,0283191246928402,0,0034131322326047,35,6567547331689,3,80464017610927,2,96139757408962,2,45948357034632,8,7876467650974,0,0,0,0,0,0,0,0,0,0,0,0,0,0,0,0,0,0,0,0,0,0,0,0,0,0,0,0,0,0,0,0,0,0,0,0,0,0,0,0,0,0,0,0,0,0,0,0,0,0,0,0,0,0,0,0,0,0,0,0,0,0,0,0,0,0,0,0,0,0,0,0,0,0,0,0,0,0,0,0,0,0,0,0,0,0,0,0,0,0,0,0,0,0,0,0,8,24393308694089,8,95682245874165,0,0,0,0,0,0,0,0,0,0,0,0,0,0,548,15,1,21946183818272,10,4735508815348,88,9066464734039,0,0,0,0,0,0,0,0,0,0,0,0,0,9,60061936088233E-07,0,0,0,0,2,51003824908459E-06,0,0,0,0,0,46108,5881550823,42340,6275018637,0,
280-290C*,0,0231906086731065,563,150024,217,057973628734,890,179473218683,0,176137000929003,287,851707684819,33,0880326716805,35,1673650627801,0,00554420346733911,150,896545940411,6,039338393635,245,993525842298,0,0,38,8822816992247,386,57928779754,274,603216750683,34,4725320797834,43,2296232797834,58,8641825013278,57,3676990915481,0,525709156035659,256,1090935986,0,0,8,04778482699171,7,46493584567176,239,912808087424,1,49702730269591,2,88783761914226,35,8748452339242,44,6319364339242,16,4646816802042,0,125037732415796,0,000737755105060846,0,0,00138052215698748,0,0350472770690441,0,00372954282241888,34,6929354502977,4,38621797356468,3,35438512596227,2,74978743414966,9,25187773238503,0,0,0,0,0,0,0,0,0,0,0,0,0,0,0,0,0,0,0,0,0,0,0,0,0,0,0,0,0,0,0,0,0,0,0,0,0,0,0,0,0,0,0,0,0,0,0,0,0,0,0,0,0,0,0,0,0,0,0,0,0,0,0,0,0,0,0,0,0,0,0,0,0,0,0,0,0,0,0,0,0,0,0,0,0,0,0,0,0,0,0,0,0,0,0,0,7,46493584567176,8,04778482699171,0,0,0,0,0,0,0,0,0,0,0,0,0,0,558,15,1,36445876390724,10,2810211369943,89,0827030751961,0,0,0,0,0,0,0,0,0,0,0,0,0,1,04906339948129E-06,0,0,0,0,2,74272852555915E-06,0,0,0,0,0,46006,8682807158,42260,2656059278,0,
290-300C*,0,0245902253630247,573,150024,225,822539643626,895,234704285413,0,232061649641273,290,822240962059,34,415969538806,36,2607173606094,0,00660854423365453,173,163097395596,6,15772612897443,251,004678664761,0,0,39,5107330573037,391,021760414127,282,508552062361,33,5506389195571,42,3077301195571,58,330153090386,57,0385069439854,0,626631441678717,297,83483376614,0,0,7,253877370808,6,70077569540525,244,307279326942,1,49958766231812,2,724471096327,34,8859433798378,43,6430345798378,16,1715170657849,0,138757149603479,0,000782103661030093,0,0,000768003459251162,0,041775429445248,0,00404595341223307,33,9103080231736,5,33345788278096,3,96593801306097,3,18212397382668,9,71405601037775,0,0,0,0,0,0,0,0,0,0,0,0,0,0,0,0,0,0,0,0,0,0,0,0,0,0,0,0,0,0,0,0,0,0,0,0,0,0,0,0,0,0,0,0,0,0,0,0,0,0,0,0,0,0,0,0,0,0,0,0,0,0,0,0,0,0,0,0,0,0,0,0,0,0,0,0,0,0,0,0,0,0,0,0,0,0,0,0,0,0,0,0,0,0,0,0,6,70077569540525,7,253877370808,0,0,0,0,0,0,0,0,0,0,0,0,0,0,568,15,1,57208610407535,10,1295896964309,89,2090555043671,0,0,0,0,0,0,0,0,0,0,0,0,0,1,13806486287435E-06,0,0,0,0,2,97541880203371E-06,0,0,0,0,0,45919,8188155183,42191,505587894,0,
300-310C*,0,0228477524706744,583,150024,234,943296557095,899,86562373102,0,290317905482696,293,811483355677,35,6410510990388,37,2401117362041,0,00767288499996996,195,42964885078,6,27742567250337,255,881778982403,0,0,40,2211131588395,395,258380814762,290,288018246865,32,6372319917533,41,3943231917533,57,8765166490003,56,7950120717469,0,727553727321775,339,560573933681,0,0,6,48243225196091,5,96487619204901,249,054579886659,1,50183522547609,2,5666524573687,33,8970415257514,42,6541327257514,15,9146535465044,0,151769581587546,0,000826452216999341,0,0,000421107916783318,0,0485035818214519,0,0111581719573946,33,2231200673771,6,64072458579199,4,78337487167709,3,7470711060897,10,1751396883716,0,0,0,0,0,0,0,0,0,0,0,0,0,0,0,0,0,0,0,0,0,0,0,0,0,0,0,0,0,0,0,0,0,0,0,0,0,0,0,0,0,0,0,0,0,0,0,0,0,0,0,0,0,0,0,0,0,0,0,0,0,0,0,0,0,0,0,0,0,0,0,0,0,0,0,0,0,0,0,0,0,0,0,0,0,0,0,0,0,0,0,0,0,0,0,0,5,96487619204901,6,48243225196091,0,0,0,0,0,0,0,0,0,0,0,0,0,0,578,15,1,8218373124769,9,99997116773813,89,3146790685486,0,0,0,0,0,0,0,0,0,0,0,0,0,3,13862324766906E-06,0,0,0,0,8,205787673673E-06,0,0,0,0,0,45840,1544645588,42128,5608385576,0,
310-320C*,0,0202957403761109,593,150024,244,373159102928,904,194092308467,0,34857416132412,296,81420533979,36,8236671661665,38,2195061117989,0,00873722576628539,204,994379278816,6,39900179532247,260,614340889854,0,0,40,976343829604,399,291076094282,297,890617894909,31,7298740813127,40,4869652813127,57,4344849239922,56,5098329966904,0,828476012964833,356,781280675038,0,0,5,74184790984136,5,27066089151072,253,966960097341,1,50384711413485,2,41437056354536,32,9081396716651,41,6652308716651,15,6839443301344,0,164188614382966,0,000870800772968588,0,0,000227456403777024,0,0552317341976558,0,0224355631203499,32,6047329479666,8,46151795453811,5,88269693414026,4,48869283819023,10,6360868556625,0,0,0,0,0,0,0,0,0,0,0,0,0,0,0,0,0,0,0,0,0,0,0,0,0,0,0,0,0,0,0,0,0,0,0,0,0,0,0,0,0,0,0,0,0,0,0,0,0,0,0,0,0,0,0,0,0,0,0,0,0,0,0,0,0,0,0,0,0,0,0,0,0,0,0,0,0,0,0,0,0,0,0,0,0,0,0,0,0,0,0,0,0,0,0,0,5,27066089151072,5,74184790984136,0,0,0,0,0,0,0,0,0,0,0,0,0,0,588,15,2,11927160886575,9,88594069124502,89,4054538961835,0,0,0,0,0,0,0,0,0,0,0,0,0,6,31078103590354E-06,0,0,0,0,1,64992498778327E-05,0,0,0,0,0,45765,8312936564,42069,8312646725,0,
320-330C*,0,0156075179905276,603,150024,254,06026607706,908,306236668094,0,406830417165543,299,826764166637,37,9080292521203,39,1989004873936,0,00980156653260082,249,060006961916,6,52556395898251,265,195277183315,0,0,41,7513070303738,403,122175907082,305,278556997764,30,8268426552284,39,5839338552284,57,0152411925816,56,1391953100235,0,929398298607891,440,893373984054,0,0,5,07672955529808,4,66190420258292,258,959772857278,1,50567820738764,2,26760902366051,31,9192378175787,40,6763290175787,15,472321432796,0,175925756637929,0,000915149328937836,0,0,000120956611860094,0,0619598865738597,0,0337129542833051,32,0365307938777,11,0741405704796,7,39930778147195,5,48452338152618,11,0978556015466,0,0,0,0,0,0,0,0,0,0,0,0,0,0,0,0,0,0,0,0,0,0,0,0,0,0,0,0,0,0,0,0,0,0,0,0,0,0,0,0,0,0,0,0,0,0,0,0,0,0,0,0,0,0,0,0,0,0,0,0,0,0,0,0,0,0,0,0,0,0,0,0,0,0,0,0,0,0,0,0,0,0,0,0,0,0,0,0,0,0,0,0,0,0,0,0,4,66190420258292,5,07672955529808,0,0,0,0,0,0,0,0,0,0,0,0,0,0,598,15,2,4741875362497,9,7831389856641,89,4855184964154,0,0,0,0,0,0,0,0,0,0,0,0,0,9,48293882413802E-06,0,0,0,0,2,47927120819924E-05,0,0,0,0,0,45695,487508695,42014,2612532541,0,
330-340C*,0,0133817547774524,613,150024,263,93517757514,912,288183460238,0,465086673006967,302,845660489595,39,7333859035663,41,6800572930691,0,0108659072989163,301,748355155712,6,65922346959589,269,617143946177,0,0,42,5213481227545,406,754379347841,312,474024560999,29,9264151804938,38,6835063804938,55,7972529708639,54,1400420409779,1,03032058425095,542,231249884021,0,0,4,46936112556981,4,17990066595304,263,948371064763,1,50738343831191,2,12634602042223,30,9303359634923,39,6874271634923,15,2729951102698,0,186892517000627,0,000959497884907083,0,6,32888462072036E-05,0,0686880389500637,0,0449903454462603,31,5004927385632,14,9528112278984,9,55373378873883,6,85697152060457,11,5614040153198,0,0,0,0,0,0,0,0,0,0,0,0,0,0,0,0,0,0,0,0,0,0,0,0,0,0,0,0,0,0,0,0,0,0,0,0,0,0,0,0,0,0,0,0,0,0,0,0,0,0,0,0,0,0,0,0,0,0,0,0,0,0,0,0,0,0,0,0,0,0,0,0,0,0,0,0,0,0,0,0,0,0,0,0,0,0,0,0,0,0,0,0,0,0,0,0,4,17990066595304,4,46936112556981,0,0,0,0,0,0,0,0,0,0,0,0,0,0,608,15,2,89842337125627,9,68728857138008,89,5589270941014,0,0,0,0,0,0,0,0,0,0,0,0,0,1,26550966123725E-05,0,0,0,0,3,3086174286152E-05,0,0,0,0,0,45627,7789020128,41960,8092118852,0,
340-350C*,0,0117659472748452,623,150024,273,908607643809,916,226059335239,0,52334292884839,305,867520858328,40,59390023856,42,4347618265783,0,0119302480652317,356,712513634141,6,79364450715304,273,872164565416,0,0208265216425041,0,43,2621874036289,410,190721987614,319,258003989736,29,0268691241021,37,7839603241022,55,3955216336279,53,8132827137518,1,13124286989401,647,703761552669,0,0,4,01057812781206,3,75195545966995,268,848107618087,1,50901746553345,1,990554143029,29,9414341094059,38,6985253094059,15,079419893543,0,197000404119251,0,00100384644087633,0,3,25624266988254E-05,0,0754161913262676,0,0562677366092156,30,9791298546828,20,9406452888228,12,719049342448,8,80622043200665,12,0276901862781,0,0,0,0,0,0,0,0,0,0,0,0,0,0,0,0,0,0,0,0,0,0,0,0,0,0,0,0,0,0,0,0,0,0,0,0,0,0,0,0,0,0,0,0,0,0,0,0,0,0,0,0,0,0,0,0,0,0,0,0,0,0,0,0,0,0,0,0,0,0,0,0,0,0,0,0,0,0,0,0,0,0,0,0,0,0,0,0,0,0,0,0,0,0,0,0,3,75195545966995,4,01057812781206,0,0,0,0,0,0,0,0,0,0,0,0,0,0,618,15,3,40621107052248,9,59420247712408,89,6296414199509,0,0,0713998834505838,0,0,0,0,0,0,0,0,0,0,0,1,5827254400607E-05,0,0,0,0,4,13796364903117E-05,0,0,0208265216425041,0,0,0,45561,3788752973,41908,4480688416,0,
350-360C*,0,0108672857369411,633,150024,283,868818576719,920,205990943433,0,581599184689814,308,88908738876,41,2696869074919,43,0574538967528,0,0129945888315471,413,159922826949,6,92838760414806,277,952256453915,0,0218456437490746,0,43,9499093395056,413,434543330691,325,640993651059,28,1264819530466,36,8835731530466,55,1358965126233,53,574260885821,1,23216515553707,755,676174397883,0,0,3,59441657988486,3,36828521742618,272,087246258733,1,51063446177628,1,86020022736592,28,9525322553196,37,7096234553196,14,8852745455543,0,206160926641994,0,00104819499684558,0,1,64630325732032E-05,0,0821443437024715,0,0675451277721708,30,455448565289,30,610237780391,17,5540746771097,11,6729466002093,12,4976722037176,0,0,0,0,0,0,0,0,0,0,0,0,0,0,0,0,0,0,0,0,0,0,0,0,0,0,0,0,0,0,0,0,0,0,0,0,0,0,0,0,0,0,0,0,0,0,0,0,0,0,0,0,0,0,0,0,0,0,0,0,0,0,0,0,0,0,0,0,0,0,0,0,0,0,0,0,0,0,0,0,0,0,0,0,0,0,0,0,0,0,0,0,0,0,0,0,3,36828521742618,3,59441657988486,0,0,0,0,0,0,0,0,0,0,0,0,0,0,628,15,4,01454296401111,9,49979057817102,89,701524603388,0,0,0726189070997568,0,0,0,0,0,0,0,0,0,0,0,1,89994121888415E-05,0,0,0,0,4,96730986944714E-05,0,0,0218456437490746,0,0,0,45494,9788660468,41856,1660002905,0,
360-370C*,0,00976415336195594,643,150024,293,679827728507,924,314104935159,0,639855440531237,311,907213967931,41,845177835515,43,5684769490491,0,0140589295978625,470,298023163882,7,06301329307505,281,849060490182,0,0228647658556452,0,44,5610223480877,416,489454925612,331,568919741931,27,2235311343203,35,9806223343204,54,937591914649,53,4124164780366,1,33308744118012,864,513753827547,0,0,3,217230249836,3,01910657291428,276,701196572963,1,51228801545524,1,73524520532905,27,9636304012332,36,7207216012332,14,6844546975261,0,214285593217047,0,00109254355281483,0,8,17339486242815E-06,0,0888724960786754,0,0788225189351261,29,9129388033136,47,0586111195972,25,2802580876768,16,0637690556684,12,9723081569342,0,0,0,0,0,0,0,0,0,0,0,0,0,0,0,0,0,0,0,0,0,0,0,0,0,0,0,0,0,0,0,0,0,0,0,0,0,0,0,0,0,0,0,0,0,0,0,0,0,0,0,0,0,0,0,0,0,0,0,0,0,0,0,0,0,0,0,0,0,0,0,0,0,0,0,0,0,0,0,0,0,0,0,0,0,0,0,0,0,0,0,0,0,0,0,0,3,01910657291428,3,217230249836,0,0,0,0,0,0,0,0,0,0,0,0,0,0,638,15,4,74352136725488,9,40006580134624,89,7783349543659,0,0,0738187007915292,0,0,0,0,0,0,0,0,0,0,0,2,21715699770759E-05,0,0,0,0,5,79665608986311E-05,0,0,0228647658556452,0,0,0,45427,2894548953,41802,9676839876,0,
370-380C*,0,00874350397997977,653,150024,303,180001025071,928,636527960757,0,65655825298429,314,918868422227,42,3424538272725,43,971783908648,0,015123270364178,527,334255074685,7,19668473950698,285,553973180227,0,0248057194410637,0,45,0725826581668,419,359309332442,336,985041620383,26,3162941349167,35,0733853349167,54,8032467108093,53,3477749410749,1,43400972682318,972,581765249545,0,0,2,85429946191816,2,68044115027706,282,167676335996,1,50713003853462,1,61564396491305,26,9747285471468,35,7318197471468,14,4710770559549,0,2212859124926,0,00113689210878407,0,3,98175321496617E-06,0,0956006484548793,0,0900999100980813,29,3355853213108,76,7740152678772,38,2912780095113,23,1161682607243,13,4646903656691,0,0,0,0,0,0,0,0,0,0,0,0,0,0,0,0,0,0,0,0,0,0,0,0,0,0,0,0,0,0,0,0,0,0,0,0,0,0,0,0,0,0,0,0,0,0,0,0,0,0,0,0,0,0,0,0,0,0,0,0,0,0,0,0,0,0,0,0,0,0,0,0,0,0,0,0,0,0,0,0,0,0,0,0,0,0,0,0,0,0,0,0,0,0,0,0,2,68044115027706,2,85429946191816,0,0,0,0,0,0,0,0,0,0,0,0,0,0,648,15,5,61664321534811,9,29115190621598,89,8637179448301,0,0,076055738969813,0,0,0,0,0,0,0,0,0,0,0,2,53437277653104E-05,0,0,0,0,6,62600231027908E-05,0,0,0248057194410637,0,0,0,45357,042361595,41747,8763053037,0,
380-390C*,0,00793577421716759,663,150024,312,134432843083,933,33840134857,0,763477625725228,317,918287696078,42,8103686520812,44,2690706486217,0,0161876111304934,582,761703792564,7,32763457014795,289,048787426972,0,0308921000751589,0,45,4389046718079,422,048170118079,341,800525828956,25,4014681282687,34,1585593282688,54,7463267139573,53,43894786207,1,53493201246624,1076,57942443184,0,0,2,44330463396156,2,29198148930827,285,739236727783,1,51039599267462,1,50134522281533,25,9858266930604,34,7429178930604,14,2339596267668,0,226889538294145,0,00118124066475332,0,1,90189923734545E-06,0,102328800831083,0,101377301261037,28,6928862077144,133,086485152015,61,1172612064414,34,8657472342669,13,962598970436,0,0,0,0,0,0,0,0,0,0,0,0,0,0,0,0,0,0,0,0,0,0,0,0,0,0,0,0,0,0,0,0,0,0,0,0,0,0,0,0,0,0,0,0,0,0,0,0,0,0,0,0,0,0,0,0,0,0,0,0,0,0,0,0,0,0,0,0,0,0,0,0,0,0,0,0,0,0,0,0,0,0,0,0,0,0,0,0,0,0,0,0,0,0,0,0,2,29198148930827,2,44330463396156,0,0,0,0,0,0,0,0,0,0,0,0,0,0,658,15,6,67521063502743,9,16561954747432,89,9651670857966,0,0,082737723325374,0,0,0,0,0,0,0,0,0,0,0,2,85158855535449E-05,0,0,0,0,7,45534853069505E-05,0,0,0308921000751589,0,0,0,45281,8577827146,41689,0656937368,0,
390-400C*,0,00727942076455231,673,150024,320,294461409764,939,667736136969,0,945267643712504,320,861359456544,43,263331939083,44,5663573885954,0,0172519518968088,625,632515706566,7,45757256524162,292,185002205061,0,0369784807092541,0,45,2985100832352,424,56028302246,345,973533162473,24,4540928936091,33,2111840936091,54,6916607672489,53,5168628843682,1,6358542981093,1151,18738713461,0,0,2,04500729366809,1,91677972703646,286,938552589477,1,51495465476071,1,39229141142832,24,9969248389741,33,7540160389741,13,8875117298609,0,228770612133106,0,00122558922072257,0,8,89990331363295E-07,0,109056953207287,0,112654692423992,27,7517477818624,208,547486976185,90,1692801866311,49,2778621604578,14,465251890737,0,0,0,0,0,0,0,0,0,0,0,0,0,0,0,0,0,0,0,0,0,0,0,0,0,0,0,0,0,0,0,0,0,0,0,0,0,0,0,0,0,0,0,0,0,0,0,0,0,0,0,0,0,0,0,0,0,0,0,0,0,0,0,0,0,0,0,0,0,0,0,0,0,0,0,0,0,0,0,0,0,0,0,0,0,0,0,0,0,0,0,0,0,0,0,0,1,91677972703646,2,04500729366809,0,0,0,0,0,0,0,0,0,0,0,0,0,0,668,15,8,31289191604831,8,96558729727141,90,1359150688102,0,0,0890377399982314,0,0,0,0,0,0,0,0,0,0,0,3,16880433417794E-05,0,0,0,0,8,28469475111102E-05,0,0,0369784807092541,0,0,0,45183,7282857891,41612,71288114,0,
400-410C*,0,00828795655489926,683,150024,331,670300490204,946,187279332567,1,1124505283292,323,800785807509,43,8650812890895,45,1649022678857,0,0183162926631243,670,23245020726,7,58649872478798,295,134101946906,0,0430648613433493,0,45,0869709437846,426,900048411183,351,522645008409,23,5029134908054,32,2600046908054,54,4763743594875,53,2768268745756,1,73677658375236,1229,93721698413,0,0,1,65854435142302,1,55827085753872,288,137868451172,1,51981072670137,1,28841858220791,24,0080229848877,32,7651141848877,13,5339906845268,0,230651685972067,0,00126993777669181,0,4,07653247615336E-07,0,115785105583491,0,123932083586947,26,7888213697129,341,918492463959,138,407388896209,72,1607624106409,14,9726491265721,0,0,0,0,0,0,0,0,0,0,0,0,0,0,0,0,0,0,0,0,0,0,0,0,0,0,0,0,0,0,0,0,0,0,0,0,0,0,0,0,0,0,0,0,0,0,0,0,0,0,0,0,0,0,0,0,0,0,0,0,0,0,0,0,0,0,0,0,0,0,0,0,0,0,0,0,0,0,0,0,0,0,0,0,0,0,0,0,0,0,0,0,0,0,0,0,1,55827085753872,1,65854435142302,0,0,0,0,0,0,0,0,0,0,0,0,0,0,678,15,10,5656722944477,8,75979709975862,90,3118403880667,0,0,0950580797301046,0,0,0,0,0,0,0,0,0,0,0,3,48602011300139E-05,0,0,0,0,9,11404097152698E-05,0,0,0430648613433493,0,0,0,45083,3241466739,41534,6652193609,0,
410-420C*,0,00799266595287245,693,150024,342,656153395355,952,851623605718,1,25569079421968,326,73835217638,44,2680340731934,45,4319557899658,0,0193806334294397,718,417062123187,7,71441304878704,297,90386072271,0,045038575400843,0,44,8210612680059,429,07199510456,356,539967765417,22,5488380664507,31,3059292664507,54,4328853831825,53,3481543351421,1,83769886939542,1317,37022466935,0,0,1,2990805436241,1,21988987489211,289,337184312866,1,52494193894394,1,18965632751904,23,0191211308013,31,7762123308013,13,1768607361557,0,232532759811027,0,00131428633266106,0,1,82602213192908E-07,0,122513257959695,0,135209474749902,25,813425502948,589,652681147732,222,130914968718,109,99282538507,15,4847906779413,0,0,0,0,0,0,0,0,0,0,0,0,0,0,0,0,0,0,0,0,0,0,0,0,0,0,0,0,0,0,0,0,0,0,0,0,0,0,0,0,0,0,0,0,0,0,0,0,0,0,0,0,0,0,0,0,0,0,0,0,0,0,0,0,0,0,0,0,0,0,0,0,0,0,0,0,0,0,0,0,0,0,0,0,0,0,0,0,0,0,0,0,0,0,0,0,1,21988987489211,1,2990805436241,0,0,0,0,0,0,0,0,0,0,0,0,0,0,688,15,13,7446918368093,8,55074309714368,90,4905674898002,0,0,0969617229255134,0,0,0,0,0,0,0,0,0,0,0,3,80323589182483E-05,0,0,0,0,9,94338719194295E-05,0,0,045038575400843,0,0,0,44981,4045873997,41455,5227961075,0,
420-430C*,0,00752499603454717,703,150024,353,2787022442,959,61536162677,1,36565295602835,329,675752967129,44,6293424963265,45,6548345632698,0,0204449741957551,772,041906282884,7,84131553723879,300,502324098346,0,0532632891902961,0,44,516649315395,431,080755649549,361,107901195134,21,592774767138,30,349865967138,54,4061911774845,53,4400936635564,1,93862115503847,1418,02772087922,0,0,0,964466326188975,0,90507177317372,290,536500174561,1,53032307025592,1,09592772316663,22,0302192767149,30,7873104767149,12,8194095183524,0,234413833649988,0,00135863488863031,0,7,99114963384254E-08,0,129241410335899,0,146486865912858,24,8344957325705,1075,96306793227,374,806392016545,175,435626513102,16,0016765448446,0,0,0,0,0,0,0,0,0,0,0,0,0,0,0,0,0,0,0,0,0,0,0,0,0,0,0,0,0,0,0,0,0,0,0,0,0,0,0,0,0,0,0,0,0,0,0,0,0,0,0,0,0,0,0,0,0,0,0,0,0,0,0,0,0,0,0,0,0,0,0,0,0,0,0,0,0,0,0,0,0,0,0,0,0,0,0,0,0,0,0,0,0,0,0,0,0,90507177317372,0,964466326188975,0,0,0,0,0,0,0,0,0,0,0,0,0,0,698,15,18,3612569833712,8,34083460494893,90,6698068630357,0,0,104685838758481,0,0,0,0,0,0,0,0,0,0,0,4,12045167064828E-05,0,0,0,0,0,000107727334123589,0,0,0532632891902961,0,0,0,44878,7109557618,41375,8698320695,0,
430-440C*,0,00693313241760774,713,150024,363,575365140216,966,433086066078,1,4191652915867,332,614592060779,44,953200437068,45,8425491581339,0,0215093149620705,833,62462943718,7,92352874074726,302,937773787573,0,0629393703729942,0,44,1886863689972,432,931043079548,365,289084119228,20,6356317394601,29,3927229394601,54,3885799863693,53,5401992954055,2,03954344068153,1537,31102920019,0,0,0,658219576562667,0,617251546460625,292,812631554365,1,53592559394452,1,00714929391811,21,0413174226286,29,7984086226286,12,4647490240346,0,235555064412762,0,00140298344459956,0,3,41314212017786E-08,0,135969562712103,0,217291661869837,23,8605821437054,2091,18237035018,669,018835176402,294,527134496541,16,5233067272819,0,0,0,0,0,0,0,0,0,0,0,0,0,0,0,0,0,0,0,0,0,0,0,0,0,0,0,0,0,0,0,0,0,0,0,0,0,0,0,0,0,0,0,0,0,0,0,0,0,0,0,0,0,0,0,0,0,0,0,0,0,0,0,0,0,0,0,0,0,0,0,0,0,0,0,0,0,0,0,0,0,0,0,0,0,0,0,0,0,0,0,0,0,0,0,0,0,617251546460625,0,658219576562667,0,0,0,0,0,0,0,0,0,0,0,0,0,0,708,15,25,2852130708563,8,13238145319228,90,8473698025485,0,0,11342659928382,0,0,0,0,0,0,0,0,0,0,0,6,11208237400705E-05,0,0,0,0,0,000159797612670934,0,0,0629393703729942,0,0,0,44776,2923289587,41296,5748009866,0,
440-450C*,0,00626183302738804,723,150024,373,593190657333,973,259389593991,1,43689151129832,335,556384972854,45,233381717168,46,0375882927301,0,022573655728386,903,658710174576,7,93646267909633,305,218694493075,0,0740585531928734,0,43,8512195948973,434,62762918757,369,154964069939,19,6783171300102,28,4354083300102,54,3103660351273,53,5344221536599,2,14046572632459,1677,99221485183,0,0,0,456252247704628,0,427989553610003,293,369878307853,1,54171736789027,0,923231004410816,20,0524155685422,28,8095067685422,12,1158197914983,0,235555064412762,0,0014473320005688,0,1,4212435536791E-08,0,142697715088307,0,352584479687007,22,8998536247297,4360,93502629319,1272,0666689244,523,929374477805,16,9947101857062,0,0,0,0,0,0,0,0,0,0,0,0,0,0,0,0,0,0,0,0,0,0,0,0,0,0,0,0,0,0,0,0,0,0,0,0,0,0,0,0,0,0,0,0,0,0,0,0,0,0,0,0,0,0,0,0,0,0,0,0,0,0,0,0,0,0,0,0,0,0,0,0,0,0,0,0,0,0,0,0,0,0,0,0,0,0,0,0,0,0,0,0,0,0,0,0,0,427989553610003,0,456252247704628,0,0,0,0,0,0,0,0,0,0,0,0,0,0,718,15,36,0542784671589,7,92758115516798,91,0211812468732,0,0,123122640390476,0,0,0,0,0,0,0,0,0,0,0,9,91766257894571E-05,0,0,0,0,0,000259292775590062,0,0,0740585531928734,0,0,0,44675,0230846708,41218,3457211333,0,
450-460C*,0,00552693608744093,733,150024,385,040647146919,977,840735530074,1,37718470553058,338,575014807683,45,4760984583519,46,2819886328237,0,0236379964947014,985,274088556746,7,96230717542881,307,628749573082,0,27820306409079,0,44,1093631552172,436,175324321093,373,354868922248,18,7659016723968,27,5229928723968,54,118638783245,53,337059701311,2,24138801196765,1853,8527876815,0,0,0,405262758403009,0,380951665865292,293,910102971309,1,54575873798067,0,8440762779087,19,0635137144558,27,8206049144558,11,9159764049519,0,235555064412762,0,00149168055653805,0,5,76302027866878E-09,0,149425867464511,0,487877297504177,22,3484718681933,7328,12314557722,2015,0195978155,794,463570848512,16,9384355655599,0,0,0,0,0,0,0,0,0,0,0,0,0,0,0,0,0,0,0,0,0,0,0,0,0,0,0,0,0,0,0,0,0,0,0,0,0,0,0,0,0,0,0,0,0,0,0,0,0,0,0,0,0,0,0,0,0,0,0,0,0,0,0,0,0,0,0,0,0,0,0,0,0,0,0,0,0,0,0,0,0,0,0,0,0,0,0,0,0,0,0,0,0,0,0,0,0,380951665865292,0,405262758403009,0,0,0,0,0,0,0,0,0,0,0,0,0,0,728,15,47,1713739296298,7,82420811127583,91,0973552933853,0,0,279152616257422,0,0,0,0,0,0,0,0,0,0,0,0,000137232427838844,0,0,0,0,0,00035878793850919,0,0,27820306409079,0,0,0,44607,4954342308,41166,2408509659,0,
460-480C*,0,00880903911234439,753,150024,404,594971416183,980,879438470201,1,27052267477683,343,230394376781,45,8200999047073,46,6253200372079,0,0275700306230075,1105,20819141916,8,00326350211972,312,790115371085,0,652422128547545,0,45,4850924877032,438,019598392475,379,959169900764,17,4739448052568,26,2310360052568,53,850620876452,53,0642851285439,2,44349654575813,2103,28309059412,0,0,0,329279218840684,0,310394834248227,294,984989948052,1,54866729144883,0,699638827753997,17,5801609333262,26,3372521333262,11,8634717150425,0,235555064412762,0,00155820339049192,0,8,70669017649523E-10,0,171005042124106,0,690816524229933,22,2034699947732,9963,31322489098,2683,61836767228,1038,61467312834,16,8540236353405,0,0,0,0,0,0,0,0,0,0,0,0,0,0,0,0,0,0,0,0,0,0,0,0,0,0,0,0,0,0,0,0,0,0,0,0,0,0,0,0,0,0,0,0,0,0,0,0,0,0,0,0,0,0,0,0,0,0,0,0,0,0,0,0,0,0,0,0,0,0,0,0,0,0,0,0,0,0,0,0,0,0,0,0,0,0,0,0,0,0,0,0,0,0,0,0,0,310394834248227,0,329279218840684,0,0,0,0,0,0,0,0,0,0,0,0,0,0,743,15,58,0310701108521,7,83713021877811,91,704046594392,0,0,547459231924499,0,0,0,0,0,0,0,0,0,0,0,0,000194316130912923,0,0,0,0,0,000508030682887882,0,0,652422128547545,0,0,0,44562,9010909884,41131,8585181663,0,
480-500C*,0,00612538136311118,773,150024,430,81298107987,984,931042390369,1,35553221186897,349,438523330335,46,2416250776055,47,0396595789752,0,0553272261465121,1201,36017621401,8,02873631542145,317,282566249501,0,785388640728663,0,47,2362409696141,440,323947877575,387,815612076977,15,75133564907,24,50842684907,53,5296127303677,52,744021362266,3,14890508830644,2276,57969127387,0,0,0,228762192026841,0,216319058758807,296,418172583709,1,55272450389124,0,572936211814186,15,6023572251535,24,3594484251535,11,7953207561245,0,235555064412762,0,00164690050243042,0,1,1643634649436E-10,0,30994254243436,0,961402159864274,22,0151724010839,15155,6670638627,3973,20468414529,1500,1875282253,16,7414743950478,0,0,0,0,0,0,0,0,0,0,0,0,0,0,0,0,0,0,0,0,0,0,0,0,0,0,0,0,0,0,0,0,0,0,0,0,0,0,0,0,0,0,0,0,0,0,0,0,0,0,0,0,0,0,0,0,0,0,0,0,0,0,0,0,0,0,0,0,0,0,0,0,0,0,0,0,0,0,0,0,0,0,0,0,0,0,0,0,0,0,0,0,0,0,0,0,0,216319058758807,0,228762192026841,0,0,0,0,0,0,0,0,0,0,0,0,0,0,763,15,77,3372627565281,7,8565317514116,92,3907236906509,0,0,643245919830966,0,0,0,0,0,0,0,0,0,0,0,0,000270427735011696,0,0,0,0,0,000707021008726137,0,0,785388640728663,0,0,0,44503,6854538476,41086,2373231389,0,
500-520C*,0,00390961554358335,793,150024,457,415494927368,988,982646310538,1,34942051184521,355,647732766446,46,6211118764228,47,4043583617958,0,121971244503344,1282,78996527458,8,06818752325743,321,252450302388,1,75770998674173,0,48,898263222822,442,116291793548,394,779486374972,14,0287264928832,22,7858176928832,53,2499285030185,52,4733983549348,8,31866467142052,2420,83793674694,0,0,0,128959620558715,0,122243283269387,297,851355219366,1,55698150753594,0,462969824847525,13,6245535169807,22,3816447169807,11,7292662457647,0,249508474460569,0,00173559761436891,0,1,36162812895303E-11,0,635142121980264,1,23198779549861,21,8325749922001,23312,4080143617,5951,94702806788,2192,6461003809,16,6289251547552,0,0,0,0,0,0,0,0,0,0,0,0,0,0,0,0,0,0,0,0,0,0,0,0,0,0,0,0,0,0,0,0,0,0,0,0,0,0,0,0,0,0,0,0,0,0,0,0,0,0,0,0,0,0,0,0,0,0,0,0,0,0,0,0,0,0,0,0,0,0,0,0,0,0,0,0,0,0,0,0,0,0,0,0,0,0,0,0,0,0,0,0,0,0,0,0,0,122243283269387,0,128959620558715,0,0,0,0,0,0,0,0,0,0,0,0,0,0,783,15,104,390678216823,7,87749206880804,93,1003975053802,0,1,36948948723091,0,0,0,0,0,0,0,0,0,0,0,0,000346539339110469,0,0,0,0,0,000906011334564393,0,1,75770998674173,0,0,0,44438,6356076628,41035,2257631148,0,
520-540C*,0,00212845694662114,813,150024,484,695190464885,993,034250230707,1,33343082758238,361,858009459928,46,9589489531025,47,7194163856698,0,192356067270652,1357,13605988829,8,11080535314781,324,720154842779,2,82102146943417,0,50,4770722864139,443,434260082625,401,021976920719,12,3061173366965,21,0632085366965,53,0113879774023,52,2524161065502,13,9677591909776,2564,75444159297,0,0,0,029663069495137,0,0281675077799662,299,284537855023,1,56143356443138,0,368650173084783,11,646749808808,20,403841008808,11,6652825232798,0,264974501861871,0,00182429472630741,0,1,37320032233685E-12,0,978259596502971,1,50257343113295,21,6556154225304,36254,2051265404,9020,11705885182,3242,43913197182,16,5163759144626,0,0,0,0,0,0,0,0,0,0,0,0,0,0,0,0,0,0,0,0,0,0,0,0,0,0,0,0,0,0,0,0,0,0,0,0,0,0,0,0,0,0,0,0,0,0,0,0,0,0,0,0,0,0,0,0,0,0,0,0,0,0,0,0,0,0,0,0,0,0,0,0,0,0,0,0,0,0,0,0,0,0,0,0,0,0,0,0,0,0,0,0,0,0,0,0,0,0281675077799662,0,029663069495137,0,0,0,0,0,0,0,0,0,0,0,0,0,0,803,15,142,750881863588,7,90028868545651,93,836669164711,0,2,21502177883278,0,0,0,0,0,0,0,0,0,0,0,0,000422650943209243,0,0,0,0,0,00110500166040265,0,2,82102146943417,0,0,0,44373,2277552396,40983,8783241743,0,
540-560C*,0,00111156295581625,833,150024,512,997001272689,997,085854150876,1,31744114331956,368,069340400553,47,0695026711583,47,8267863316847,0,232285513306863,1426,36913013693,8,15342318303818,327,706168332579,3,8843329521266,0,51,9780696162731,444,314445340833,406,67683576721,10,5835081805097,19,3405993805097,52,9304973288417,52,1732136683153,19,6168537105346,2828,79128389596,0,0,1,1381614078335E-14,1,08262260965564E-14,300,71772049068,1,56607656412907,0,288806715618069,9,66894610063524,18,4260373006352,11,6033443450694,0,280440529263173,0,0019129918382459,0,1,17550415132813E-13,1,17033988390084,1,7731590667673,21,4842320944151,56989,1199207031,13826,7425367899,4850,47374365976,15,5778729262182,0,0,0,0,0,0,0,0,0,0,0,0,0,0,0,0,0,0,0,0,0,0,0,0,0,0,0,0,0,0,0,0,0,0,0,0,0,0,0,0,0,0,0,0,0,0,0,0,0,0,0,0,0,0,0,0,0,0,0,0,0,0,0,0,0,0,0,0,0,0,0,0,0,0,0,0,0,0,0,0,0,0,0,0,0,0,0,0,0,0,0,0,0,0,0,0,1,08262260965564E-14,1,1381614078335E-14,0,0,0,0,0,0,0,0,0,0,0,0,0,0,823,15,197,793121809255,7,9251843559413,94,6030324646305,0,3,10512438701208,0,0,0,0,0,0,0,0,0,0,0,0,000498762547308016,0,0,0,0,0,0013039919862409,0,3,8843329521266,0,0,0,44308,1268954597,40932,8092582904,0,
560-580C*,0,00111748521391741,853,150024,542,711132980833,1001,13745807104,1,30145145905673,374,281712788707,47,0866210252988,47,8591793525708,0,311105528502461,1494,50601716517,8,15832739046651,330,230952561342,4,94764443481903,0,53,4061997363483,444,792138347168,411,849019280579,8,86089902432297,17,617990224323,52,9133789747011,52,1408206474292,25,2659482300917,3016,24435712992,0,0,1,13635405888026E-14,1,08262260965564E-14,302,150903126337,1,57090696082117,0,222200775091261,7,69114239246249,16,4482335924625,11,5434268761765,0,295906556664475,0,0020016889501844,0,8,38721298380265E-15,1,55170373963295,2,68117119607699,21,3183641483405,90526,4534863071,21433,0533403177,7338,61983136679,14,5178246011959,0,0,0,0,0,0,0,0,0,0,0,0,0,0,0,0,0,0,0,0,0,0,0,0,0,0,0,0,0,0,0,0,0,0,0,0,0,0,0,0,0,0,0,0,0,0,0,0,0,0,0,0,0,0,0,0,0,0,0,0,0,0,0,0,0,0,0,0,0,0,0,0,0,0,0,0,0,0,0,0,0,0,0,0,0,0,0,0,0,0,0,0,0,0,0,0,1,08262260965564E-14,1,13635405888026E-14,0,0,0,0,0,0,0,0,0,0,0,0,0,0,843,149999999999,277,715350366207,7,95242917685121,95,4028955303058,0,4,03178017698819,0,0,0,0,0,0,0,0,0,0,0,0,000754172482653942,0,0,0,0,0,00197174964105077,0,4,94764443481903,0,0,0,44243,3338782045,40882,0196493298,0,
580-600C*,0,000980324677948679,873,150024,574,265651828336,1014,69547577785,1,28546177479391,380,202040118803,47,0945761352492,47,8915723734569,0,393911342463393,1565,56356211765,8,19975822470799,331,06036679332,6,01095591751147,0,52,2762956044181,444,901129982781,416,614120981114,6,94816159240344,15,7052527924034,52,9054238647508,52,108427626543,30,9150427496487,3203,69743036388,0,0,1,13493152749697E-14,1,08262260965564E-14,303,584085761994,1,58492240201801,0,167541627730274,5,71333868428974,14,4704298842897,11,1919594348973,0,311372584065777,0,00209038606212289,0,4,8841076376234E-16,1,9526086008423,4,4694389595098,20,3439023972851,145271,721859641,33588,3469932718,11226,6805893068,13,478368295302,0,0,0,0,0,0,0,0,0,0,0,0,0,0,0,0,0,0,0,0,0,0,0,0,0,0,0,0,0,0,0,0,0,0,0,0,0,0,0,0,0,0,0,0,0,0,0,0,0,0,0,0,0,0,0,0,0,0,0,0,0,0,0,0,0,0,0,0,0,0,0,0,0,0,0,0,0,0,0,0,0,0,0,0,0,0,0,0,0,0,0,0,0,0,0,0,1,08262260965564E-14,1,13493152749697E-14,0,0,0,0,0,0,0,0,0,0,0,0,0,0,863,15,395,143039881572,7,59701263768892,91,5947658045464,0,4,98898656626985,0,0,0,0,0,0,0,0,0,0,0,0,00125718487543642,0,0,0,0,0,00328685265491668,0,6,01095591751147,0,0,0,44044,4744139122,40728,6336592643,0,
600-625C*,0,00107588971406417,898,150024,600,359204557462,1017,07475328793,1,26747337999823,387,262046391873,47,0925641746574,47,9280145219538,0,487476737705517,1653,99583706295,8,25050219097065,333,425555915818,7,20718133554045,0,54,3013832852762,444,642476882759,420,071056238152,5,05380182969551,13,8108930296955,52,9074358253425,52,0719854780461,43,6947444087918,3214,22796380381,0,0,1,13378583167842E-14,1,08262260965564E-14,305,196416227108,1,588781462022,0,114000181889301,3,4883095125954,12,2454007125954,11,1919594348973,0,328771864892241,0,0021901703130537,0,1,01130060428898E-17,2,40661290246404,6,48124019337171,20,3439023972851,250246,718252495,56387,1045950376,18346,3297578634,12,3335938490359,0,0,0,0,0,0,0,0,0,0,0,0,0,0,0,0,0,0,0,0,0,0,0,0,0,0,0,0,0,0,0,0,0,0,0,0,0,0,0,0,0,0,0,0,0,0,0,0,0,0,0,0,0,0,0,0,0,0,0,0,0,0,0,0,0,0,0,0,0,0,0,0,0,0,0,0,0,0,0,0,0,0,0,0,0,0,0,0,0,0,0,0,0,0,0,0,1,08262260965564E-14,1,13378583167842E-14,0,0,0,0,0,0,0,0,0,0,0,0,0,0,885,65,596,918097995671,7,72449649348382,93,5974571093243,0,6,09668270095124,0,0,0,0,0,0,0,0,0,0,0,0,0018230738173167,0,0,0,0,0,00476634354551582,0,7,20718133554045,0,0,0,44003,5625908107,40696,1511668139,0,
625-650C*,0,000900546880794362,923,150024,650,392738324001,1019,39483923002,1,2474862746697,395,116682039621,47,0766857243131,47,9685057980615,0,586104628267802,1769,50801885239,8,31201844610427,335,18405711926,7,69551899795991,0,56,5466917916162,443,902909838266,425,678562627873,2,95542876362446,11,7125199636245,52,9233142756869,52,0314942019385,49,2890594573433,3473,34464585272,0,0,1,133072176926E-14,1,08262260965564E-14,306,987894521679,1,5929780918735,0,0744549568937233,1,01605487737946,9,77314607737946,11,1919594348973,0,348104399143869,0,00230104170297682,0,1,38605125770891E-19,2,88744916912324,8,71657489766272,20,3439023972851,464375,641646015,101798,112020043,32152,9044526084,11,0921885204674,0,0,0,0,0,0,0,0,0,0,0,0,0,0,0,0,0,0,0,0,0,0,0,0,0,0,0,0,0,0,0,0,0,0,0,0,0,0,0,0,0,0,0,0,0,0,0,0,0,0,0,0,0,0,0,0,0,0,0,0,0,0,0,0,0,0,0,0,0,0,0,0,0,0,0,0,0,0,0,0,0,0,0,0,0,0,0,0,0,0,0,0,0,0,0,0,1,08262260965564E-14,1,133072176926E-14,0,0,0,0,0,0,0,0,0,0,0,0,0,0,910,65,962,500856946048,7,88215370397595,95,9853230017819,0,6,55711443890393,0,0,0,0,0,0,0,0,0,0,0,0,00245183930829479,0,0,0,0,0,0064102223128482,0,7,69551899795991,0,0,0,43962,7568291329,40663,6312473964,0,
650-675C*,0,00074878216510999,948,150024,707,405152089108,1021,73486702009,1,22749916934116,402,971036573248,46,9103414267223,47,8719051764899,0,67251384236303,1910,76628937227,8,37893898586667,336,361489074546,9,47866723336295,0,58,6991746577051,442,743732994451,430,747474343113,0,85665686059388,9,61374806059388,53,0896585732597,52,1280948234929,53,921656466315,3782,98278976702,0,0,1,79924685409891E-11,1,71939376958101E-11,308,77937281625,1,59742097430189,0,0463539579261727,-1,45619975783648,7,30089144216352,11,1919594348973,0,367436933395496,0,00241191309289994,0,1,17292580372822E-21,3,31253991418908,10,9519096019537,20,3439023972851,873816,484703356,186587,563808485,57224,2592661771,9,88295822178707,0,0,0,0,0,0,0,0,0,0,0,0,0,0,0,0,0,0,0,0,0,0,0,0,0,0,0,0,0,0,0,0,0,0,0,0,0,0,0,0,0,0,0,0,0,0,0,0,0,0,0,0,0,0,0,0,0,0,0,0,0,0,0,0,0,0,0,0,0,0,0,0,0,0,0,0,0,0,0,0,0,0,0,0,0,0,0,0,0,0,0,0,0,0,0,0,1,71939376958101E-11,1,79924685409891E-11,0,0,0,0,0,0,0,0,0,0,0,0,0,0,935,65,1583,28975845116,8,0420977010814,98,4227143129818,0,8,27319640685045,0,0,0,0,0,0,0,0,0,0,0,0,00308060479927288,0,0,0,0,0,00805410108018059,0,9,47866723336295,0,0,0,43921,7848497953,40631,0000724973,0,
675-700C*,0,000618558536148171,973,150024,772,366137364029,1024,55461382956,1,54331528638336,410,811337099393,46,6666056058372,47,7118515727686,0,739872347754946,2088,64444025336,8,43552911984119,336,931554177912,11,3144280260523,0,60,6439372368573,441,215787687061,435,227155640034,-1,25170942282481,7,5053817771752,53,3333943941185,52,2881484271891,57,5925354357069,4160,82317580334,0,0,4,43097223974924E-11,4,23289343122621E-11,310,570851110821,1,60255658662549,0,027275358383197,-3,92845439305242,4,82863680694758,11,2533778489848,0,426634901385568,0,00252278448282305,0,5,622719383272E-24,3,64993019593875,12,5718762629466,20,5143734122703,1665828,72078473,346913,088794584,103331,600813275,8,70590295299501,0,0,0,0,0,0,0,0,0,0,0,0,0,0,0,0,0,0,0,0,0,0,0,0,0,0,0,0,0,0,0,0,0,0,0,0,0,0,0,0,0,0,0,0,0,0,0,0,0,0,0,0,0,0,0,0,0,0,0,0,0,0,0,0,0,0,0,0,0,0,0,0,0,0,0,0,0,0,0,0,0,0,0,0,0,0,0,0,0,0,0,0,0,0,0,0,4,23289343122621E-11,4,43097223974924E-11,0,0,0,0,0,0,0,0,0,0,0,0,0,0,960,65,2655,30566967267,8,18704672895111,,0,10,0882406942195,0,0,0,0,0,0,0,0,0,0,0,0,00353627666398828,0,0,0,0,0,00924543443740914,0,11,3144280260523,0,0,0,43857,0884774882,40577,4972808839,0,
700-725C*,0,000505341155183659,998,150024,850,429465925746,1026,97936861174,2,36212467047807,418,663874331619,46,4083792733632,47,5517979690472,0,787973253692171,2245,59969913529,8,45348935792045,337,045148672099,12,7438740788844,0,62,6136513085839,439,365611027999,439,272054367933,-3,35217586569744,5,40491533430256,53,5916207265661,52,4482020308853,60,5208664553559,4488,56958873032,0,0,7,06799234090093E-11,6,7463930928714E-11,312,362329405392,1,60752156812936,0,0150068335183521,-6,40070902826836,2,35638217173165,11,3474253771567,0,55390831388646,0,00263365587274617,0,1,37064635256234E-26,3,89833238576569,21,6124975696157,20,7752567078872,3214180,14489816,653612,731475161,189118,239269538,7,56102271409118,0,0,0,0,0,0,0,0,0,0,0,0,0,0,0,0,0,0,0,0,0,0,0,0,0,0,0,0,0,0,0,0,0,0,0,0,0,0,0,0,0,0,0,0,0,0,0,0,0,0,0,0,0,0,0,0,0,0,0,0,0,0,0,0,0,0,0,0,0,0,0,0,0,0,0,0,0,0,0,0,0,0,0,0,0,0,0,0,0,0,0,0,0,0,0,0,6,7463930928714E-11,7,06799234090093E-11,0,0,0,0,0,0,0,0,0,0,0,0,0,0,985,65,4536,28994584871,8,3507087118043,,0,11,5293910615543,0,0,0,0,0,0,0,0,0,0,0,0,00607926527492105,0,0,0,0,0,0158939624547111,0,12,7438740788844,0,0,0,43768,7374328737,40501,2081170574,0,
725-750C*,0,000409498479813095,1023,150024,941,517143750834,1028,09765845651,2,01751183354174,426,555569885285,46,1927976868143,47,4494890201293,0,838005620477018,2324,42793811079,8,49218388929046,336,856980746369,13,4828546250813,0,64,8518161084084,437,235577770466,442,684381703043,-5,42651300982224,3,33057819017776,53,8072023130885,52,5505109797781,63,5185240733448,4653,97716024549,0,0,9,71445163686614E-11,9,2598927545166E-11,314,153807699963,1,61140150174137,0,00761602547451487,-8,8729636634843,-0,115872463484293,11,5174513707638,0,59115509647684,0,00274452726266929,0,1,48132469721263E-29,4,15566724358079,31,7836252983682,21,2464336394181,6270058,01573696,1246533,82580088,350417,552636798,6,4483175050756,0,0,0,0,0,0,0,0,0,0,0,0,0,0,0,0,0,0,0,0,0,0,0,0,0,0,0,0,0,0,0,0,0,0,0,0,0,0,0,0,0,0,0,0,0,0,0,0,0,0,0,0,0,0,0,0,0,0,0,0,0,0,0,0,0,0,0,0,0,0,0,0,0,0,0,0,0,0,0,0,0,0,0,0,0,0,0,0,0,0,0,0,0,0,0,0,9,2598927545166E-11,9,71445163686614E-11,0,0,0,0,0,0,0,0,0,0,0,0,0,0,1010,65,7886,27410128968,8,56868732105523,,0,12,2826304815533,0,0,0,0,0,0,0,0,0,0,0,0,00894024806550424,0,0,0,0,0,0233738717859739,0,13,4828546250813,0,0,0,43737,2970536685,40474,6315989704,0,
750-775C*,0,000331350636188591,1048,150024,1041,09148609538,1029,21594830129,1,72317653457465,434,447337812538,45,4334550748591,46,8131453300696,0,888037987261865,2403,2561770863,8,53087842066047,336,223778891915,14,2218351712782,0,67,0219941005468,434,864093543517,445,264202869018,-7,50085015394703,1,25624104605297,54,5665449250171,53,1868546698127,66,5161816913337,4819,38473176066,0,0,1,23713942987555E-10,1,17733924161618E-10,315,945285994535,1,61548199098716,0,00350315367652875,-11,3452182987002,-2,58812709870023,11,6876177900518,0,628401879067219,0,00285539865259241,0,5,94693471596448E-33,4,41300210139589,41,9547530271207,21,7173976703599,17751199,7086428,3133127,82922577,800706,438007705,5,36778732594824,0,0,0,0,0,0,0,0,0,0,0,0,0,0,0,0,0,0,0,0,0,0,0,0,0,0,0,0,0,0,0,0,0,0,0,0,0,0,0,0,0,0,0,0,0,0,0,0,0,0,0,0,0,0,0,0,0,0,0,0,0,0,0,0,0,0,0,0,0,0,0,0,0,0,0,0,0,0,0,0,0,0,0,0,0,0,0,0,0,0,0,0,0,0,0,0,1,17733924161618E-10,1,23713942987555E-10,0,0,0,0,0,0,0,0,0,0,0,0,0,0,1035,65,13934,6455964809,8,79007628220237,,0,13,0408948628329,0,0,0,0,0,0,0,0,0,0,0,0,0118012308560874,0,0,0,0,0,0308537811172367,0,14,2218351712782,0,0,0,43705,8948572438,40448,0884952293,0,
775-800C*,0,000267848200110814,1073,150024,1149,27184685255,1030,33423814607,1,44840977653763,442,33917787772,44,5443594529702,46,0597946882275,0,938070354046711,2482,0844160618,8,56957295203047,335,175531387932,14,9608157174751,0,69,127494711482,432,285821973532,447,179754251935,-9,57518729807183,-0,818096098071828,55,4556405468794,53,9402053116297,69,5138393093226,4984,79230327583,0,0,1,50427180334912E-10,1,4286892077807E-10,317,736764289106,1,61975856823028,0,00142714126773831,-13,8174729339162,-5,06038173391617,11,8579241777808,0,665648661657598,0,00296627004251553,0,7,03082695798661E-37,4,67033695921099,52,1258807558732,22,18814604656,52319546,9947491,8140452,07428286,1880240,32741762,4,31943217670912,0,0,0,0,0,0,0,0,0,0,0,0,0,0,0,0,0,0,0,0,0,0,0,0,0,0,0,0,0,0,0,0,0,0,0,0,0,0,0,0,0,0,0,0,0,0,0,0,0,0,0,0,0,0,0,0,0,0,0,0,0,0,0,0,0,0,0,0,0,0,0,0,0,0,0,0,0,0,0,0,0,0,0,0,0,0,0,0,0,0,0,0,0,0,0,0,1,4286892077807E-10,1,50427180334912E-10,0,0,0,0,0,0,0,0,0,0,0,0,0,0,1060,65,24989,4981348188,9,01508271410196,,0,13,8037963583428,0,0,0,0,0,0,0,0,0,0,0,0,0146622136466706,0,0,0,0,0,0383336904484994,0,14,9608157174751,0,0,0,43674,5308253392,40421,578792919,0,
800-825C*,0,000216375168170895,1098,150024,1266,12766475913,1031,45252799085,1,19321155943067,450,231089846198,43,641657728723,45,3064440463853,0,988102720831558,2560,91265503731,8,60826748340048,333,740993847886,15,699796263672,0,71,1714027469822,429,531931791022,448,571771761371,-11,6495244421966,-2,89243324219663,56,3583422710997,54,6935559534467,72,5114969273115,5150,199874791,0,0,1,77321738798933E-10,1,68003917394522E-10,319,528242583677,1,62422736879097,0,000499276051668326,-16,2897275691321,-7,53263636913211,12,028370078694,0,702895444247977,0,00307714143243865,0,1,79365614365673E-41,4,92767181702609,58,1307560830146,22,6586760245899,160379328,957546,21836361,1815859,4530911,72351347,3,30325205735824,0,0,0,0,0,0,0,0,0,0,0,0,0,0,0,0,0,0,0,0,0,0,0,0,0,0,0,0,0,0,0,0,0,0,0,0,0,0,0,0,0,0,0,0,0,0,0,0,0,0,0,0,0,0,0,0,0,0,0,0,0,0,0,0,0,0,0,0,0,0,0,0,0,0,0,0,0,0,0,0,0,0,0,0,0,0,0,0,0,0,0,0,0,0,0,0,1,68003917394522E-10,1,77321738798933E-10,0,0,0,0,0,0,0,0,0,0,0,0,0,0,1085,65,55927,1451780614,9,24391513381072,,0,14,5709793367348,0,0,0,0,0,0,0,0,0,0,0,0,0163512933071279,0,0,0,0,0,0427497123676405,0,15,699796263672,0,0,0,43643,2049389612,40395,1024783604,0,
825-850C*,0,000175893393982228,1123,150024,1391,71271659789,1032,57081783563,0,95758188325376,458,123073484355,43,0983128692908,45,2362355824305,1,0381350876164,2639,74089401281,8,64696201477049,331,947677583832,16,4387768098689,0,73,1565974583338,426,630353116244,449,610780869226,-13,7238615863214,-4,96677038632143,56,9016871305061,54,7637644173764,75,5091545453003,5315,60744630617,0,0,2,03099892037874E-10,1,93138914010974E-10,321,319720878248,1,6288850755332,0,000143780415006924,-18,761982204348,-10,004891004348,12,1989550395066,0,740142226838356,0,00318801282236176,0,6,44754093073519E-47,5,18500667484119,85,9399806929391,23,128984871694,510667097,351209,60385665,7435604,13398507,465116,2,31924696789559,0,0,0,0,0,0,0,0,0,0,0,0,0,0,0,0,0,0,0,0,0,0,0,0,0,0,0,0,0,0,0,0,0,0,0,0,0,0,0,0,0,0,0,0,0,0,0,0,0,0,0,0,0,0,0,0,0,0,0,0,0,0,0,0,0,0,0,0,0,0,0,0,0,0,0,0,0,0,0,0,0,0,0,0,0,0,0,0,0,0,0,0,0,0,0,0,1,93138914010974E-10,2,03099892037874E-10,0,0,0,0,0,0,0,0,0,0,0,0,0,0,1110,65,149443,759028802,9,47678366310963,,0,15,3421166461912,0,0,0,0,0,0,0,0,0,0,0,0,0241736031974605,0,0,0,0,0,063200785660815,0,16,4387768098689,0,0,0,43611,9171783946,40368,6595371218,0,
850-875C*,0,000141176811102833,1148,150024,1522,89806942075,1033,68910768041,0,741520748006915,466,015128559585,42,4033942708841,44,4168125416843,1,08816745440125,2718,56913298831,8,68565654614049,329,821849657386,17,1777573560658,0,75,0857697573458,423,606034728143,450,272667100629,,-7,04110753044621,57,596605728884,55,5831874580975,78,5068121632893,5481,01501782134,0,0,2,31886233044606E-10,2,18273910627426E-10,323,111199172819,1,63372887078357,3,21111780549555E-05,-21,234236839564,-12,477145639564,12,3696786088957,0,777389009428735,0,00329888421228488,0,1,79175042785312E-53,5,44234153265629,121,820735291082,23,5990698657384,2352327918,76394,295929560,79742,57272399,498938,1,36741690832117,0,0,0,0,0,0,0,0,0,0,0,0,0,0,0,0,0,0,0,0,0,0,0,0,0,0,0,0,0,0,0,0,0,0,0,0,0,0,0,0,0,0,0,0,0,0,0,0,0,0,0,0,0,0,0,0,0,0,0,0,0,0,0,0,0,0,0,0,0,0,0,0,0,0,0,0,0,0,0,0,0,0,0,0,0,0,0,0,0,0,0,0,0,0,0,0,2,18273910627426E-10,2,31886233044606E-10,0,0,0,0,0,0,0,0,0,0,0,0,0,0,1135,65,436222,463494132,9,71390022210872,,0,16,1169064416379,0,0,0,0,0,0,0,0,0,0,0,0,0342663111209129,0,0,0,0,0,0895877113084708,0,17,1777573560658,0,0,0,43580,6675232132,40342,2499540306,0,
875-900C*,0,000114243026085129,1173,150024,1662,2560644308,1034,80739752518,0,545028153690129,473,907254840288,41,2902361130209,43,4909456284094,1,1381998211861,2797,39737196382,8,68766452108303,329,757877262711,17,9167379022627,0,76,9614377652811,420,481196278073,450,709197814227,,-9,11544467457101,58,7097638867195,56,5090543713472,81,5044697812781,5646,42258933651,0,0,2,59511535056495E-10,2,43408907243878E-10,324,90267746739,1,63875639454406,5,09973207876392E-06,-23,7064914747799,-14,9494002747799,12,5405403374888,0,814635792019114,0,003409755602208,0,1,60737721426156E-61,5,69967639047139,157,701489889226,24,0689282951596,16180997051,4684,1676908738,49346,277887380,482488,0,447761878634997,0,0,0,0,0,0,0,0,0,0,0,0,0,0,0,0,0,0,0,0,0,0,0,0,0,0,0,0,0,0,0,0,0,0,0,0,0,0,0,0,0,0,0,0,0,0,0,0,0,0,0,0,0,0,0,0,0,0,0,0,0,0,0,0,0,0,0,0,0,0,0,0,0,0,0,0,0,0,0,0,0,0,0,0,0,0,0,0,0,0,0,0,0,0,0,0,2,43408907243878E-10,2,59511535056495E-10,0,0,0,0,0,0,0,0,0,0,0,0,0,0,1160,65,1402055,5231048,9,95547870978577,,0,16,8950694717336,0,0,0,0,0,0,0,0,0,0,0,0,0443590190443653,0,0,0,0,0,115974636956127,0,17,9167379022627,0,0,0,43549,4559522914,40315,8737131845,0,
900-925C*,9,23926676476805E-05,1198,150024,1810,03667063846,1035,92568736996,0,368104100303404,481,799452095863,40,0610662599125,42,458634842606,1,18823218797095,2876,22561093932,8,74984055744476,332,113540541571,18,6557184484596,0,78,7859608660467,417,275571158095,450,980705104229,,-11,1897818186958,59,9389337398001,57,5413651571255,84,502127399267,5811,83016085168,0,0,2,87411057590662E-10,2,6854390386033E-10,326,694155761961,1,64396570813064,5,0510426232693E-07,-26,1787461099959,-17,4216549099959,12,7115397778543,0,851882574609493,0,00352062699213112,0,1,24163910207317E-71,5,95701124828649,193,582244487369,24,5385574589144,132056820536,334,11068377724,5969,1547230249,70206,0,0,0,0,0,0,0,0,0,0,0,0,0,0,0,0,0,0,0,0,0,0,0,0,0,0,0,0,0,0,0,0,0,0,0,0,0,0,0,0,0,0,0,0,0,0,0,0,0,0,0,0,0,0,0,0,0,0,0,0,0,0,0,0,0,0,0,0,0,0,0,0,0,0,0,0,0,0,0,0,0,0,0,0,0,0,0,0,0,0,0,0,0,0,0,0,0,2,6854390386033E-10,2,87411057590662E-10,0,0,0,0,0,0,0,0,0,0,0,0,0,0,1185,65,5005075,46008746,10,2017351712042,,0,17,676346744261,0,0,0,0,0,0,0,0,0,0,0,0,0544517269678177,0,0,0,0,0,142361562603782,0,18,6557184484596,0,0,0,43518,2824438144,40289,5307979626,0,
925-950C*,7,46764750623391E-05,1223,150024,1966,39191260437,1037,04397721474,0,281818176236986,489,691720096704,38,9318763619491,41,5396908371746,1,23826455475579,2955,05384991483,8,80174014025051,334,469203820432,19,3946989946564,0,80,5615524185358,414,00663712532,451,149311066751,,-13,2641189628206,61,0681236377352,58,4603091625317,87,4997850172559,5977,23773236685,0,0,3,15665001573069E-10,2,93678900476782E-10,328,485634056532,1,64935526251,0,,-19,8939095452118,12,8826764844903,0,889129357199872,0,00363149838205424,0,1,01179546585337E-84,6,21434610610159,212,82712377719,25,0079546664293,1298055209342,55,86232852201,7414,10003033496,0099,0,0,0,0,0,0,0,0,0,0,0,0,0,0,0,0,0,0,0,0,0,0,0,0,0,0,0,0,0,0,0,0,0,0,0,0,0,0,0,0,0,0,0,0,0,0,0,0,0,0,0,0,0,0,0,0,0,0,0,0,0,0,0,0,0,0,0,0,0,0,0,0,0,0,0,0,0,0,0,0,0,0,0,0,0,0,0,0,0,0,0,0,0,0,0,0,0,2,93678900476782E-10,3,15665001573069E-10,0,0,0,0,0,0,0,0,0,0,0,0,0,0,1210,65,20032876,5492995,10,4528879510521,,0,18,4604975053784,0,0,0,0,0,0,0,0,0,0,0,0,0598650174035856,0,0,0,0,0,156514364143383,0,19,3946989946564,0,0,0,43487,1469752896,40263,2211910368,0,
950-975C*,6,03205365693265E-05,1248,150024,2131,5282191952,1038,16226705952,0,261596704057243,497,584058614194,37,9527499742645,40,7863401953325,1,28829692154064,3033,88208889034,8,84043467162052,336,824867099292,20,1336795408533,0,82,2902912678475,410,689832872001,451,252497332247,,-15,3384561069454,62,0472500253912,59,2136598043487,90,4974426352448,6142,64530388202,0,0,3,44342309653389E-10,3,18813897093234E-10,330,277112351104,1,65492387072166,0,,-22,3661641804277,13,0539500138144,0,926376139790251,0,00374236977197736,0,2,50092970122616E-102,6,47168096391669,283,942699362252,25,4771172375506,15620687897692,7,804510227888,54,76060674016,6836,0,0,0,0,0,0,0,0,0,0,0,0,0,0,0,0,0,0,0,0,0,0,0,0,0,0,0,0,0,0,0,0,0,0,0,0,0,0,0,0,0,0,0,0,0,0,0,0,0,0,0,0,0,0,0,0,0,0,0,0,0,0,0,0,0,0,0,0,0,0,0,0,0,0,0,0,0,0,0,0,0,0,0,0,0,0,0,0,0,0,0,0,0,0,0,0,0,3,18813897093234E-10,3,44342309653389E-10,0,0,0,0,0,0,0,0,0,0,0,0,0,0,1235,65,90830282,5016835,10,7091578330369,,0,19,2472974810808,0,0,0,0,0,0,0,0,0,0,0,0,079868741997086,0,0,0,0,0,20881319192362,0,20,1336795408533,0,0,0,43456,0495235564,40236,9448743822,0,
975-1000C*,4,86947523243371E-05,1273,150024,2305,7044487488,1039,2805569043,0,241375231877501,505,4764674207,36,9621233108591,40,0329895534903,1,33832928832549,3112,71032786584,8,87912920299052,339,180530378153,20,8726600870502,0,83,9741321807666,407,338759566125,451,301593051741,,-17,4127932510702,63,0378766887674,59,9670104461657,93,4951002532337,6308,0528753972,0,0,3,73437932654281E-10,3,43948893709686E-10,332,068590645675,1,66067068386816,0,,-24,8384188156437,13,2253599241536,0,96362292238063,0,00385324116190048,0,2,79050048688521E-127,6,72901582173179,389,222504999932,25,9460425024946,234260023359248,9129632406273,05,689716021316,022,0,0,0,0,0,0,0,0,0,0,0,0,0,0,0,0,0,0,0,0,0,0,0,0,0,0,0,0,0,0,0,0,0,0,0,0,0,0,0,0,0,0,0,0,0,0,0,0,0,0,0,0,0,0,0,0,0,0,0,0,0,0,0,0,0,0,0,0,0,0,0,0,0,0,0,0,0,0,0,0,0,0,0,0,0,0,0,0,0,0,0,0,0,0,0,0,0,3,43948893709686E-10,3,73437932654281E-10,0,0,0,0,0,0,0,0,0,0,0,0,0,0,1260,65,471782324,36577,10,970768164567,,0,20,0365373391791,0,0,0,0,0,0,0,0,0,0,0,0,109482342392043,0,0,0,0,0,286236602737418,0,20,8726600870502,0,0,0,43424,9900647971,40210,7018292882,0,
1000-1050C*,7,07119488240076E-05,1323,150024,2584,60485926386,1040,95799167147,0,211043023607887,517,315211926827,35,4556717479696,38,9029635907271,1,41337783850276,3230,9526863291,8,93717100004553,342,714025296443,21,9811309063456,0,86,4197060670237,403,021771717758,451,310007466776,,-20,5242989672574,64,5443282516124,61,0970364088912,97,991586680217,6556,16423266995,0,0,4,17949697787454E-10,3,81651388634363E-10,334,755808087532,1,6696239569351,0,,-28,5468007684676,13,4827295425763,1,0194930962662,0,00401954824678515,0,9,04794078109171E-231,7,11501810845444,547,142213456452,26,6489796360621,2,14523900172384E+16,523159394398973,27088790456030,5,0,0,0,0,0,0,0,0,0,0,0,0,0,0,0,0,0,0,0,0,0,0,0,0,0,0,0,0,0,0,0,0,0,0,0,0,0,0,0,0,0,0,0,0,0,0,0,0,0,0,0,0,0,0,0,0,0,0,0,0,0,0,0,0,0,0,0,0,0,0,0,0,0,0,0,0,0,0,0,0,0,0,0,0,0,0,0,0,0,0,0,0,0,0,0,0,0,3,81651388634363E-10,4,17949697787454E-10,0,0,0,0,0,0,0,0,0,0,0,0,0,0,1298,15,7403128461,76647,11,3709102740128,,0,21,2245471404349,0,0,0,0,0,0,0,0,0,0,0,0,153902742984479,0,0,0,0,0,402371718958115,0,21,9811309063456,0,0,0,43378,472059794,40171,3996032348,0,
1050-1100C*,4,59176172456838E-05,1373,150024,2991,3568760406,1043,19457136102,0,170600079248401,533,100448505934,33,4116825181875,37,3962623070428,1,51344257207245,3388,60916428011,9,01456006278555,347,425351854164,23,4590919987393,0,89,5396360195044,395,268476101325,451,253170649721,,-24,672973255507,66,5883174813334,62,6037376925253,103,986901916195,6886,97937570029,0,0,4,7913912720722E-10,4,31921381867267E-10,338,338764676674,1,68218287373826,0,,-33,4913100388995,13,8263622786105,1,09398666144696,0,00424129102663139,0,0,7,62968782408464,729,106723354387,27,5853738402014,2,32452665288496E+19,2,72195759380565E+17,7,79340606045477E+15,0,0,0,0,0,0,0,0,0,0,0,0,0,0,0,0,0,0,0,0,0,0,0,0,0,0,0,0,0,0,0,0,0,0,0,0,0,0,0,0,0,0,0,0,0,0,0,0,0,0,0,0,0,0,0,0,0,0,0,0,0,0,0,0,0,0,0,0,0,0,0,0,0,0,0,0,0,0,0,0,0,0,0,0,0,0,0,0,0,0,0,0,0,0,0,0,0,4,31921381867267E-10,4,7913912720722E-10,0,0,0,0,0,0,0,0,0,0,0,0,0,0,1348,15,529516439694,152,11,9288274381776,,0,22,8153739315965,0,0,0,0,0,0,0,0,0,0,0,0,205086578759468,0,0,0,0,0,536189528727294,0,23,4590919987393,0,0,0,43316,5807948843,40119,1128991461,0,
1100-1150C*,2,96917341032188E-05,1423,150024,3441,18504765107,1045,43115105058,0,130157134888916,548,885962192818,31,3319734857566,35,8895610233585,1,61350730564214,3546,26564223112,9,09194912552556,352,136678411885,24,9370530911331,0,92,5098755469855,389,503413793244,451,159834674766,,-28,8216475437566,68,6680265137007,64,1104389761593,109,982217152173,7217,79451873063,0,0,5,42779770402515E-10,4,82191375100171E-10,341,921721265816,1,69545432266457,0,,-38,4358193093313,14,1705326838547,1,16848022662772,0,00446303380647763,0,0,8,14435753971484,1215,39475410411,28,5207712816592,9,12473388390399E+22,4,42928701226485E+20,6,21664170708051E+18,0,0,0,0,0,0,0,0,0,0,0,0,0,0,0,0,0,0,0,0,0,0,0,0,0,0,0,0,0,0,0,0,0,0,0,0,0,0,0,0,0,0,0,0,0,0,0,0,0,0,0,0,0,0,0,0,0,0,0,0,0,0,0,0,0,0,0,0,0,0,0,0,0,0,0,0,0,0,0,0,0,0,0,0,0,0,0,0,0,0,0,0,0,0,0,0,0,4,82191375100171E-10,5,42779770402515E-10,0,0,0,0,0,0,0,0,0,0,0,0,0,0,1398,15,84488503988273,1,12,5122601417884,,0,24,412810005632,0,0,0,0,0,0,0,0,0,0,0,0,341871970148135,0,0,0,0,0,893808710777657,0,24,9370530911331,0,0,0,43254,8410411092,40066,9589110572,0,
1150+C*,4,3045439606917E-05,1623,150024,4781,78873850346,1051,02260027447,0,0290497739902018,588,35094714711,26,0187758242845,32,1228078141478,1,86366913956638,3940,40683710864,9,28542178237559,363,914994806186,28,6319558221176,0,,379,290600981301,450,879177516906,,-39,1933332643806,73,9812241749996,67,8771921852443,124,970505242117,8044,83237630649,0,0,7,15885074360768E-10,6,07866358182431E-10,350,879112738672,1,73180285175807,0,,-50,797092485411,15,0332884740711,1,35471413957961,0,00501739075609322,0,0,9,43103182879034,2994,07151983482,30,8547674900956,4,31174444851266E+22,2,42966590633619E+22,1,22560715845357E+22,0,0,0,0,0,0,0,0,0,0,0,0,0,0,0,0,0,0,0,0,0,0,0,0,0,0,0,0,0,0,0,0,0,0,0,0,0,0,0,0,0,0,0,0,0,0,0,0,0,0,0,0,0,0,0,0,0,0,0,0,0,0,0,0,0,0,0,0,0,0,0,0,0,0,0,0,0,0,0,0,0,0,0,0,0,0,0,0,0,0,0,0,0,0,0,0,0,6,07866358182431E-10,7,15885074360768E-10,0,0,0,0,0,0,0,0,0,0,0,0,0,0,1523,15,2,62477737988905E+21,14,0744245411746,,0,28,4280879828041,0,0,0,0,0,0,0,0,0,0,0,0,84218656185073,0,0,0,0,2,20185844647017,0,28,6319558221176,0,0,0,43101,1530488192,39937,1533627094,0,
